Sample,pop1,pop2,pop3,pop4,pop5,pop6,pop7,pop8
englishint30,1e-05,1e-05,0.057948,1e-05,0.941992,1e-05,1e-05,1e-05
sunshine,1e-05,1e-05,0.077359,1e-05,0.893677,1e-05,0.028915,1e-05
hersbrucker,1e-05,1e-05,1e-05,1e-05,0.954888,0.045052,1e-05,1e-05
hersbrucker6,1e-05,1e-05,1e-05,1e-05,0.984422,0.015518,1e-05,1e-05
tardifdbourgogne,1e-05,1e-05,1e-05,1e-05,0.995905,0.004035,1e-05,1e-05
hersbruckeralpha,1e-05,1e-05,1e-05,1e-05,0.99993,1e-05,1e-05,1e-05
hersbruckg,1e-05,1e-05,1e-05,1e-05,0.99993,1e-05,1e-05,1e-05
eastwellgolding,1e-05,1e-05,1e-05,1e-05,0.99993,1e-05,1e-05,1e-05
eastkentgolding,1e-05,1e-05,1e-05,1e-05,0.99993,1e-05,1e-05,1e-05
bramlingcross,1e-05,1e-05,1e-05,1e-05,0.99993,1e-05,1e-05,1e-05
canterburygolding,1e-05,1e-05,1e-05,1e-05,0.99993,1e-05,1e-05,1e-05
nadwislanka,1e-05,1e-05,0.999925,1e-05,1e-05,1.5e-05,1e-05,1e-05
osvald72yvf,1e-05,1e-05,0.999929,1e-05,1e-05,1.1e-05,1e-05,1e-05
saazer38,1e-05,1e-05,0.99993,1e-05,1e-05,1e-05,1e-05,1e-05
tettnanger,1e-05,1e-05,0.99993,1e-05,1e-05,1e-05,1e-05,1e-05
bianca,1e-05,0.280884,0.719056,1e-05,1e-05,1e-05,1e-05,1e-05
sunbeam,1e-05,0.381347,0.607137,0.011466,1e-05,1e-05,1e-05,1e-05
backa,1e-05,1e-05,0.714883,1e-05,0.215507,0.069561,1e-05,1e-05
sterling,1e-05,1e-05,0.684045,1e-05,1e-05,0.138231,0.177674,1e-05
omega,1e-05,1e-05,0.485151,1e-05,0.069429,1e-05,0.445369,1e-05
hallertauergold,1e-05,1e-05,0.384894,1e-05,1e-05,1e-05,0.615046,1e-05
wyechallenger,1e-05,1e-05,0.42047,1e-05,1e-05,1e-05,0.57947,1e-05
bobek,1e-05,1e-05,1e-05,1e-05,1e-05,0.30957,0.69037,1e-05
buket,1e-05,1e-05,1e-05,1e-05,1e-05,0.411014,0.588925,1e-05
neoplanta,1.8e-05,1e-05,1e-05,1e-05,0.35004,0.133776,0.516126,1e-05
aurora,1e-05,1e-05,1e-05,1e-05,0.218743,0.327502,0.453705,1e-05
vojvodina,1e-05,1.3e-05,1e-05,1e-05,0.212268,0.238934,0.548745,1e-05
hallertauertradition,1e-05,1e-05,0.083713,1e-05,0.096227,1e-05,0.820011,1e-05
northernbrewer,1e-05,1e-05,1e-05,1e-05,0.397765,1e-05,0.602175,1e-05
orion,1e-05,1e-05,0.01909,1e-05,0.296469,1e-05,0.684391,1e-05
perle,1e-05,1e-05,1e-05,1e-05,0.293132,1e-05,0.706808,1e-05
spalterselect,1e-05,1e-05,0.275208,1e-05,0.264977,0.033386,0.42639,1e-05
hersbruckerpure,1e-05,1e-05,0.191341,1.6e-05,0.178759,1e-05,0.629844,1e-05
wyeviking,1e-05,1e-05,0.167981,1e-05,0.141937,0.087146,0.602896,1e-05
keyworthearly,1e-05,0.051643,1e-05,0.132575,0.415924,1e-05,0.399819,1e-05
scarlet,0.070906,0.163785,0.043053,1e-05,0.296516,1e-05,0.425709,1e-05
wyesaxon,1e-05,0.153389,0.151061,1e-05,0.150629,0.112707,0.432185,1e-05
yuggolding,1e-05,1e-05,1e-05,1e-05,1e-05,0.99993,1e-05,1e-05
wuerttemberger,1e-05,1e-05,1e-05,1e-05,1e-05,0.99993,1e-05,1e-05
styrian,1e-05,1e-05,1e-05,1e-05,1e-05,0.99993,1e-05,1e-05
savinjagolding,1e-05,1e-05,1e-05,1e-05,1e-05,0.99993,1e-05,1e-05
hersbruckerredstem,1e-05,1e-05,1e-05,1e-05,1e-05,0.99993,1e-05,1e-05
fuggleh,1e-05,1e-05,1e-05,1e-05,1e-05,0.99993,1e-05,1e-05
fugglen,1e-05,1e-05,1e-05,1e-05,1e-05,0.99993,1e-05,1e-05
ahil,1e-05,0.050888,1e-05,0.153082,1e-05,0.431136,0.153488,0.211376
apolon,0.06174,1e-05,1e-05,0.094865,1e-05,0.377042,0.288507,0.177816
furanoace,1e-05,1e-05,0.220913,1e-05,1e-05,0.400823,0.059568,0.318657
sorachiace,1e-05,1e-05,0.110021,1e-05,1e-05,0.379134,0.231335,0.27947
atlas,1e-05,1e-05,1e-05,0.205951,1e-05,0.317211,1e-05,0.476788
prideofkent,1e-05,1e-05,1e-05,0.244274,1e-05,0.39901,0.045091,0.311585
centennial,1e-05,1e-05,1e-05,1e-05,1e-05,0.327347,0.121946,0.550657
firstchoice,1e-05,1e-05,1e-05,1e-05,0.072561,0.503781,1e-05,0.423608
canadianredvine,0.219917,0.112478,0.235868,1e-05,1e-05,1e-05,1e-05,0.431696
keyworthmidseason,0.077648,0.215138,0.213771,1e-05,1e-05,0.140781,1e-05,0.352632
mtrainier,0.193753,0.102356,0.308634,0.096833,1e-05,0.19635,0.102055,1e-05
southernbrewer,1e-05,1e-05,0.46333,1e-05,1e-05,0.186931,0.113217,0.236483
chelan,1e-05,1e-05,1e-05,0.370598,1e-05,1e-05,1e-05,0.629342
galena,1e-05,1e-05,1e-05,0.398791,1e-05,1e-05,1e-05,0.601149
tc8551,1e-05,0.200046,1e-05,0.480027,1e-05,1e-05,1e-05,0.319877
tc8555,1e-05,0.163062,0.064699,0.421283,1e-05,1e-05,1e-05,0.350916
talisman,1e-05,1e-05,1e-05,1e-05,0.079597,1e-05,1e-05,0.920343
brewersgolda,1e-05,1e-05,1e-05,1e-05,0.07675,0.098399,1e-05,0.824801
brewersgold,1e-05,1e-05,1e-05,1e-05,1e-05,0.141904,0.051231,0.806815
olympic,1e-05,0.042208,1e-05,0.041408,1e-05,0.142163,1e-05,0.774181
aquila,1e-05,0.113511,1e-05,1e-05,0.202735,0.072398,1e-05,0.611316
banner,1e-05,1e-05,1e-05,0.166409,0.152688,1e-05,1e-05,0.680852
eroicavf,1e-05,0.095622,1e-05,0.140941,0.015037,0.124147,1e-05,0.624224
bullion10a,0.189599,1e-05,1e-05,1e-05,0.127614,1e-05,1e-05,0.682737
kirinii,0.112893,1e-05,1e-05,1e-05,0.321089,1e-05,1e-05,0.565967
shinshuwase,0.136973,1e-05,1e-05,1e-05,0.334201,1e-05,1e-05,0.528776
toyomidori,1e-05,0.99993,1e-05,1e-05,1e-05,1e-05,1e-05,1e-05
wyetarget,1e-05,0.747636,1e-05,1e-05,0.252304,1e-05,1e-05,1e-05
wyetargeta,1e-05,0.716119,1e-05,1e-05,0.283821,1e-05,1e-05,1e-05
chinook,1e-05,0.2428,1e-05,0.031736,0.337272,1e-05,1e-05,0.388152
comet,1e-05,0.497174,1e-05,1e-05,0.156817,1e-05,1e-05,0.345958
cometa,1e-05,0.551943,1e-05,1e-05,0.123724,1e-05,1e-05,0.324284
pioneer,1e-05,0.338299,1e-05,1e-05,1e-05,1e-05,0.398143,0.263508
easterngold,0.096116,0.404292,0.06563,0.202264,1e-05,1e-05,0.231668,1e-05
kirinc601,0.25874,0.613742,1e-05,1e-05,0.027769,0.018635,0.081085,1e-05
cascade,0.81583,1e-05,1e-05,1e-05,1e-05,0.18411,1e-05,1e-05
teamaker,0.99993,1e-05,1e-05,1e-05,1e-05,1e-05,1e-05,1e-05
usda21734,0.99993,1e-05,1e-05,1e-05,1e-05,1e-05,1e-05,1e-05
hybrid2,1e-05,1e-05,1e-05,0.72066,1e-05,0.27928,1e-05,1e-05
prideofringwood,1e-05,1e-05,1e-05,0.679786,1e-05,0.320154,1e-05,1e-05
hallertauermagnum,1e-05,1e-05,1e-05,0.638881,1e-05,1e-05,0.361059,1e-05
nugget,1e-05,1e-05,1e-05,0.709186,0.290754,1e-05,1e-05,1e-05
nuggeta,1e-05,1e-05,1e-05,0.724117,0.275823,1e-05,1e-05,1e-05
horizon,1e-05,1e-05,0.281496,0.718444,1e-05,1e-05,1e-05,1e-05
magnumx21267m,0.03251,0.171428,1e-05,0.796012,1e-05,1e-05,1e-05,1e-05
kitamidori,0.386325,1e-05,1e-05,0.18518,0.264487,0.097198,0.06678,1e-05
newport,0.20796,0.029027,0.035525,0.296797,0.315605,0.045477,0.069599,1e-05
easterngreen,1e-05,0.171135,1e-05,0.42526,0.164175,0.239391,1e-05,1e-05
yeoman,1e-05,1e-05,0.092465,0.213823,0.237261,0.220702,0.235719,1e-05
alliance,1e-05,1e-05,0.184693,1e-05,0.364652,0.450605,1e-05,1e-05
tolhurst,1e-05,1e-05,0.061429,1e-05,0.340228,0.503034,0.095269,1e-05
earlyprolific,1e-05,1.8e-05,0.099819,1e-05,0.528519,0.252296,0.119318,1e-05
earlypromise,1e-05,1e-05,1e-05,1e-05,0.759887,0.240053,1e-05,1e-05
whitbredsgolding,1e-05,1e-05,0.125121,1e-05,0.662313,0.212515,1e-05,1e-05
