0.539213 0.000010 0.146882 0.107731 0.206164
0.803399 0.196571 0.000010 0.000010 0.000010
0.582918 0.043001 0.215368 0.000010 0.158704
0.191922 0.000010 0.000010 0.153543 0.654516
0.258785 0.000010 0.278216 0.000010 0.462979
0.704745 0.295225 0.000010 0.000010 0.000010
0.267326 0.732643 0.000010 0.000012 0.000010
0.107950 0.000010 0.164378 0.000010 0.727652
0.000010 0.736122 0.000010 0.263848 0.000010
0.665678 0.281974 0.000010 0.052329 0.000010
0.999960 0.000010 0.000010 0.000010 0.000010
0.091889 0.000010 0.000010 0.064203 0.843888
0.102201 0.000010 0.000010 0.022554 0.875225
0.707261 0.285980 0.000010 0.006738 0.000010
0.042173 0.000010 0.000010 0.254380 0.703427
0.000010 0.311586 0.111588 0.064701 0.512116
0.999960 0.000010 0.000010 0.000010 0.000010
0.315464 0.000010 0.684506 0.000010 0.000010
0.354609 0.000010 0.000010 0.077993 0.567378
0.000010 0.000010 0.369569 0.000010 0.630401
0.283913 0.000010 0.080557 0.205281 0.430239
0.078786 0.000010 0.000010 0.513509 0.407684
0.046259 0.000010 0.000010 0.564683 0.389039
0.836042 0.163928 0.000010 0.000010 0.000010
0.999960 0.000010 0.000010 0.000010 0.000010
0.999960 0.000010 0.000010 0.000010 0.000010
0.044307 0.184197 0.223711 0.547775 0.000010
0.443875 0.000010 0.369054 0.187051 0.000010
0.999960 0.000010 0.000010 0.000010 0.000010
0.876327 0.123643 0.000010 0.000010 0.000010
0.096977 0.000010 0.175414 0.079180 0.648419
0.550524 0.000010 0.000010 0.000010 0.449446
0.999960 0.000010 0.000010 0.000010 0.000010
0.999960 0.000010 0.000010 0.000010 0.000010
0.314390 0.338547 0.000010 0.000010 0.347043
0.000010 0.000010 0.358762 0.000010 0.641208
0.107104 0.892866 0.000010 0.000010 0.000010
0.119357 0.301050 0.579573 0.000010 0.000010
0.366957 0.633013 0.000010 0.000010 0.000010
0.999959 0.000010 0.000010 0.000011 0.000010
0.999960 0.000010 0.000010 0.000010 0.000010
0.999960 0.000010 0.000010 0.000010 0.000010
0.999960 0.000010 0.000010 0.000010 0.000010
0.999960 0.000010 0.000010 0.000010 0.000010
0.426834 0.573136 0.000010 0.000010 0.000010
0.000010 0.442978 0.556992 0.000010 0.000010
0.350088 0.000010 0.649882 0.000010 0.000010
0.635691 0.000010 0.000010 0.364279 0.000010
0.123862 0.225932 0.000010 0.230172 0.420025
0.042008 0.000010 0.000010 0.957962 0.000010
0.262803 0.000010 0.125456 0.000010 0.611721
0.531623 0.000010 0.465622 0.002735 0.000010
0.000010 0.173416 0.826554 0.000010 0.000010
0.222746 0.447820 0.280457 0.048967 0.000010
0.000010 0.999960 0.000010 0.000010 0.000010
0.703596 0.237397 0.000010 0.058988 0.000010
0.406096 0.149350 0.444534 0.000010 0.000010
0.774429 0.066147 0.000010 0.159404 0.000010
0.297921 0.182732 0.519326 0.000010 0.000010
0.288073 0.180067 0.531839 0.000010 0.000010
0.059797 0.000010 0.094557 0.047571 0.798065
0.205013 0.794957 0.000010 0.000010 0.000010
0.521375 0.478595 0.000010 0.000011 0.000010
0.000010 0.999960 0.000010 0.000010 0.000010
0.596768 0.403202 0.000010 0.000010 0.000010
0.159084 0.000010 0.000010 0.574121 0.266775
0.392771 0.068008 0.186538 0.000010 0.352673
0.384999 0.000010 0.614971 0.000010 0.000010
0.000020 0.999950 0.000010 0.000010 0.000010
0.999960 0.000010 0.000010 0.000010 0.000010
0.444593 0.201181 0.000010 0.354206 0.000010
0.288515 0.000010 0.124742 0.002415 0.584318
0.385351 0.298013 0.000010 0.000010 0.316616
0.221360 0.529305 0.000010 0.000010 0.249314
0.488652 0.511318 0.000010 0.000010 0.000010
0.104006 0.895964 0.000010 0.000010 0.000010
0.999960 0.000010 0.000010 0.000010 0.000010
0.000010 0.595772 0.189522 0.214686 0.000010
0.870722 0.129248 0.000010 0.000010 0.000010
0.000010 0.000010 0.000010 0.000010 0.999960
0.999960 0.000010 0.000010 0.000010 0.000010
0.000018 0.000010 0.594949 0.121308 0.283715
0.000010 0.092106 0.384741 0.160035 0.363108
0.221540 0.000010 0.778430 0.000010 0.000010
0.000010 0.999960 0.000010 0.000010 0.000010
0.903399 0.096571 0.000010 0.000010 0.000010
0.000010 0.000010 0.000010 0.999960 0.000010
0.283174 0.000010 0.716796 0.000010 0.000010
0.697421 0.239154 0.000010 0.063405 0.000010
0.853521 0.146449 0.000010 0.000010 0.000010
0.999960 0.000010 0.000010 0.000010 0.000010
0.127384 0.872586 0.000010 0.000010 0.000010
0.399634 0.360044 0.000010 0.240301 0.000010
0.133333 0.000010 0.000010 0.866637 0.000010
0.164725 0.000010 0.000010 0.835245 0.000010
0.470371 0.529594 0.000015 0.000010 0.000010
0.553696 0.210414 0.123309 0.112571 0.000010
0.999960 0.000010 0.000010 0.000010 0.000010
