0.056028 0.000010 0.000010 0.444659 0.000010 0.151767 0.144869 0.202637 0.000010
0.000010 0.106772 0.000010 0.454084 0.183702 0.000010 0.000010 0.000010 0.255391
0.000010 0.000010 0.062640 0.390801 0.000010 0.096498 0.276915 0.173106 0.000010
0.067520 0.323101 0.000010 0.000010 0.000010 0.000017 0.000010 0.609312 0.000010
0.000010 0.000010 0.000010 0.324332 0.000010 0.206390 0.000010 0.469217 0.000010
0.000010 0.000010 0.000010 0.323149 0.000010 0.000010 0.401496 0.000010 0.275295
0.000010 0.167633 0.000010 0.068731 0.723769 0.000010 0.000010 0.000010 0.039817
0.000010 0.000010 0.000010 0.000010 0.000010 0.142911 0.000010 0.663346 0.193682
0.263719 0.000010 0.000010 0.000010 0.736211 0.000010 0.000010 0.000010 0.000010
0.000010 0.000010 0.000010 0.315688 0.000010 0.000010 0.653837 0.000010 0.030414
0.000010 0.000010 0.000010 0.000010 0.000010 0.000010 0.000010 0.000010 0.999920
0.000010 0.000010 0.000010 0.040784 0.000010 0.000010 0.032400 0.789710 0.137056
0.000010 0.000010 0.000010 0.000010 0.000010 0.000010 0.000010 0.805890 0.194040
0.000010 0.000010 0.000010 0.416531 0.000010 0.000010 0.555555 0.000010 0.027854
0.000010 0.165787 0.150977 0.000010 0.000010 0.000010 0.000010 0.683176 0.000010
0.123949 0.000010 0.228638 0.000010 0.233907 0.000010 0.000010 0.413456 0.000010
0.000010 0.000010 0.000010 0.000010 0.000010 0.000010 0.000010 0.000010 0.999920
0.000010 0.000010 0.823001 0.176929 0.000010 0.000010 0.000010 0.000010 0.000010
0.000010 0.000010 0.000010 0.327957 0.000010 0.000010 0.130431 0.541552 0.000010
0.000010 0.000010 0.000010 0.000010 0.000010 0.383611 0.000010 0.616319 0.000010
0.219390 0.000010 0.000010 0.000010 0.000010 0.014272 0.000010 0.382117 0.384171
0.450173 0.000010 0.000010 0.000010 0.000010 0.000010 0.000010 0.334326 0.215441
0.498060 0.000010 0.000010 0.000010 0.000010 0.000010 0.000010 0.313236 0.188644
0.000010 0.162678 0.000010 0.244657 0.114076 0.000010 0.000010 0.000010 0.478539
0.000010 0.000010 0.000010 0.292235 0.000010 0.000010 0.000010 0.000010 0.707695
0.000010 0.000010 0.000010 0.000010 0.000010 0.000010 0.000010 0.000010 0.999920
0.401887 0.160832 0.062324 0.000010 0.018455 0.182268 0.174204 0.000010 0.000010
0.164341 0.035586 0.000010 0.255259 0.000010 0.411667 0.000010 0.000010 0.133106
0.000010 0.000010 0.000010 0.000010 0.000010 0.000010 0.000010 0.000010 0.999920
0.000010 0.000010 0.000010 0.000010 0.000010 0.000010 0.000010 0.000010 0.999920
0.072836 0.000010 0.000010 0.084803 0.000010 0.143886 0.000010 0.616393 0.082042
0.000010 0.089697 0.000010 0.493624 0.000010 0.000010 0.000010 0.416619 0.000010
0.000010 0.000010 0.000010 0.999920 0.000010 0.000010 0.000010 0.000010 0.000010
0.000010 0.000010 0.000010 0.999920 0.000010 0.000010 0.000010 0.000010 0.000010
0.000010 0.000010 0.000010 0.388106 0.212266 0.000010 0.090102 0.309475 0.000010
0.000010 0.000010 0.000010 0.000010 0.000010 0.413290 0.000010 0.586640 0.000010
0.000010 0.000010 0.000010 0.000010 0.394041 0.000010 0.605889 0.000010 0.000010
0.000010 0.000010 0.000010 0.000010 0.000010 0.625637 0.374293 0.000010 0.000010
0.000010 0.000010 0.000010 0.000010 0.080434 0.000010 0.764107 0.000010 0.155399
0.000010 0.999920 0.000010 0.000010 0.000010 0.000010 0.000010 0.000010 0.000010
0.000010 0.999920 0.000010 0.000010 0.000010 0.000010 0.000010 0.000010 0.000010
0.000010 0.999920 0.000010 0.000010 0.000010 0.000010 0.000010 0.000010 0.000010
0.000010 0.000010 0.000010 0.999920 0.000010 0.000010 0.000010 0.000010 0.000010
0.000010 0.999920 0.000010 0.000010 0.000010 0.000010 0.000010 0.000010 0.000010
0.000010 0.000010 0.000010 0.000010 0.188275 0.000010 0.572224 0.000010 0.239441
0.000010 0.000010 0.000010 0.000010 0.288008 0.711922 0.000010 0.000010 0.000010
0.000010 0.000010 0.000010 0.282149 0.000010 0.717781 0.000010 0.000010 0.000010
0.041036 0.000010 0.000010 0.000010 0.000010 0.125762 0.346154 0.000010 0.486998
0.212772 0.000010 0.067807 0.158460 0.219568 0.000010 0.000010 0.341352 0.000010
0.557423 0.151581 0.238534 0.000011 0.000010 0.000010 0.052411 0.000010 0.000010
0.000010 0.000010 0.106121 0.000010 0.000010 0.000010 0.000010 0.550825 0.342994
0.000010 0.000010 0.411705 0.085510 0.000010 0.165359 0.027075 0.000010 0.310312
0.161142 0.000010 0.029432 0.000010 0.019597 0.789779 0.000010 0.000010 0.000010
0.098095 0.001869 0.189997 0.197321 0.305300 0.092367 0.115030 0.000010 0.000010
0.000010 0.000010 0.000010 0.000010 0.999920 0.000010 0.000010 0.000010 0.000010
0.000010 0.034215 0.000010 0.154248 0.000010 0.000010 0.443606 0.000010 0.367882
0.024689 0.045054 0.208366 0.053114 0.037123 0.291757 0.067330 0.000010 0.272558
0.000010 0.000010 0.000010 0.000010 0.000010 0.000010 0.524293 0.000010 0.475637
0.000010 0.000010 0.000010 0.000010 0.000010 0.687685 0.000010 0.000010 0.312245
0.000010 0.000010 0.000010 0.000010 0.000010 0.701089 0.000010 0.000010 0.298841
0.025004 0.000010 0.000010 0.116521 0.000010 0.049411 0.000010 0.763111 0.045914
0.000010 0.000010 0.000010 0.001376 0.479048 0.000010 0.440272 0.000010 0.079255
0.000010 0.000010 0.000010 0.000010 0.013868 0.000010 0.613852 0.000010 0.372220
0.000010 0.000010 0.000010 0.000010 0.999920 0.000010 0.000010 0.000010 0.000010
0.000010 0.000010 0.000010 0.000010 0.000010 0.000010 0.643854 0.000010 0.356076
0.312450 0.000010 0.000010 0.000010 0.000010 0.000010 0.431176 0.256314 0.000010
0.000010 0.000010 0.000010 0.390481 0.000010 0.226959 0.072809 0.309702 0.000010
0.000010 0.000010 0.000010 0.324363 0.000010 0.675567 0.000010 0.000010 0.000010
0.000010 0.000010 0.000010 0.000010 0.999920 0.000010 0.000010 0.000010 0.000010
0.000010 0.000010 0.000010 0.999920 0.000010 0.000010 0.000010 0.000010 0.000010
0.138212 0.045632 0.089132 0.000010 0.030213 0.000010 0.375552 0.000010 0.321229
0.000010 0.000010 0.133311 0.000010 0.000010 0.000010 0.000010 0.514468 0.352161
0.000010 0.000010 0.000010 0.377376 0.093724 0.000010 0.256209 0.272641 0.000010
0.000010 0.002774 0.000010 0.190870 0.460813 0.000010 0.113978 0.231525 0.000010
0.000010 0.043627 0.000010 0.050663 0.271573 0.000010 0.405996 0.000010 0.228100
0.000010 0.000011 0.000010 0.135807 0.685674 0.000010 0.178458 0.000010 0.000010
0.000010 0.000010 0.000010 0.999920 0.000010 0.000010 0.000010 0.000010 0.000010
0.371516 0.000010 0.000010 0.000010 0.628414 0.000010 0.000010 0.000010 0.000010
0.000010 0.089829 0.000010 0.000010 0.020681 0.000010 0.000010 0.000010 0.889430
0.000010 0.000010 0.000010 0.000010 0.000010 0.000010 0.000010 0.897881 0.102049
0.000010 0.999920 0.000010 0.000010 0.000010 0.000010 0.000010 0.000010 0.000010
0.213435 0.000010 0.000010 0.000010 0.000010 0.483347 0.000013 0.303155 0.000010
0.174305 0.000010 0.000010 0.000010 0.063115 0.413885 0.014375 0.334280 0.000010
0.000010 0.000010 0.999920 0.000010 0.000010 0.000010 0.000010 0.000010 0.000010
0.000010 0.000010 0.000010 0.000010 0.999920 0.000010 0.000010 0.000010 0.000010
0.000010 0.211029 0.000010 0.476361 0.071749 0.000010 0.000010 0.000010 0.240811
0.909629 0.000010 0.000010 0.000010 0.000010 0.000010 0.090301 0.000010 0.000010
0.000010 0.000010 0.999920 0.000010 0.000010 0.000010 0.000010 0.000010 0.000010
0.000010 0.056666 0.000010 0.252206 0.000011 0.000011 0.510908 0.000010 0.180168
0.000010 0.130766 0.000010 0.222431 0.106680 0.000010 0.000010 0.000010 0.540073
0.000010 0.000010 0.000010 0.999920 0.000010 0.000010 0.000010 0.000010 0.000010
0.000010 0.000010 0.000010 0.000010 0.410436 0.000010 0.589494 0.000010 0.000010
0.136523 0.282138 0.000010 0.076256 0.131388 0.000010 0.373655 0.000010 0.000010
0.662271 0.000010 0.000010 0.000010 0.000010 0.000010 0.000010 0.000010 0.337659
0.636402 0.000010 0.000010 0.000010 0.000010 0.000010 0.000010 0.000010 0.363528
0.000010 0.267330 0.000010 0.042065 0.141534 0.000010 0.549021 0.000010 0.000010
0.000010 0.000010 0.000010 0.191450 0.088407 0.202200 0.185565 0.000010 0.332338
0.000010 0.000010 0.000010 0.999920 0.000010 0.000010 0.000010 0.000010 0.000010
