0.000010 0.289251 0.253955 0.000010 0.079600 0.377134 0.000010 0.000010 0.000010 0.000010
0.000010 0.000010 0.000010 0.000010 0.000010 0.432788 0.000010 0.000010 0.380585 0.186557
0.000010 0.290801 0.083084 0.000010 0.242578 0.346831 0.000010 0.036657 0.000010 0.000010
0.000010 0.744409 0.000010 0.096694 0.000010 0.000010 0.000010 0.000010 0.158827 0.000010
0.000010 0.566651 0.263762 0.000010 0.000010 0.169518 0.000010 0.000010 0.000010 0.000010
0.000010 0.000010 0.000010 0.000010 0.509505 0.346173 0.000010 0.000010 0.144251 0.000010
0.000010 0.000010 0.000010 0.000010 0.000010 0.048298 0.000010 0.000010 0.240324 0.711308
0.022434 0.350268 0.109811 0.000010 0.000010 0.000010 0.444342 0.000010 0.073095 0.000010
0.078238 0.000010 0.000010 0.229729 0.000010 0.000010 0.000010 0.000010 0.000010 0.691963
0.000010 0.000010 0.000010 0.000010 0.714382 0.285538 0.000010 0.000010 0.000010 0.000010
0.000011 0.000010 0.000010 0.000010 0.000010 0.000010 0.000010 0.000010 0.999909 0.000010
0.000010 0.999908 0.000010 0.000010 0.000010 0.000010 0.000010 0.000010 0.000012 0.000010
0.000010 0.999910 0.000010 0.000010 0.000010 0.000010 0.000010 0.000010 0.000010 0.000010
0.000010 0.000010 0.000010 0.000010 0.602892 0.397028 0.000010 0.000010 0.000010 0.000010
0.000010 0.799332 0.000010 0.000010 0.000010 0.000010 0.000010 0.200588 0.000010 0.000010
0.000010 0.000010 0.000010 0.110224 0.000010 0.000014 0.552368 0.059745 0.000010 0.277600
0.000010 0.000010 0.000010 0.000010 0.000010 0.000010 0.000010 0.000010 0.999910 0.000010
0.000010 0.000010 0.000010 0.000010 0.000010 0.146392 0.000010 0.853528 0.000010 0.000010
0.000010 0.716807 0.000010 0.000010 0.000010 0.283113 0.000010 0.000010 0.000010 0.000010
0.258100 0.371725 0.000010 0.000010 0.000010 0.000010 0.370105 0.000010 0.000010 0.000010
0.000010 0.083007 0.123869 0.179073 0.000010 0.000018 0.354740 0.000010 0.259253 0.000010
0.000010 0.029379 0.000010 0.435445 0.000010 0.000010 0.373873 0.010490 0.150764 0.000010
0.000010 0.000010 0.000010 0.480133 0.000010 0.000010 0.394828 0.000010 0.124970 0.000010
0.000016 0.000010 0.000010 0.000010 0.132871 0.280046 0.000010 0.000010 0.489032 0.097985
0.000010 0.000010 0.000010 0.000010 0.000010 0.243828 0.000010 0.000010 0.756092 0.000010
0.000010 0.000010 0.000010 0.000010 0.000010 0.000010 0.000010 0.000010 0.999910 0.000010
0.000010 0.000010 0.706717 0.238931 0.054282 0.000010 0.000010 0.000010 0.000010 0.000010
0.000010 0.000010 0.654932 0.000010 0.000010 0.098984 0.000010 0.000010 0.246014 0.000010
0.000013 0.000010 0.000010 0.000010 0.000018 0.000012 0.000012 0.000010 0.999895 0.000010
0.000010 0.000010 0.000010 0.000010 0.000010 0.000010 0.000010 0.000010 0.996616 0.003304
0.136179 0.641632 0.000010 0.066458 0.000010 0.000010 0.155671 0.000010 0.000010 0.000010
0.000010 0.000010 0.000010 0.000010 0.000010 0.541123 0.458797 0.000010 0.000010 0.000010
0.000010 0.000010 0.000010 0.000010 0.000010 0.999910 0.000010 0.000010 0.000010 0.000010
0.000010 0.000010 0.000010 0.000010 0.000010 0.999906 0.000010 0.000010 0.000014 0.000010
0.000010 0.408750 0.000010 0.000010 0.000010 0.354911 0.000010 0.000010 0.000010 0.236268
0.313298 0.270185 0.000010 0.000010 0.000010 0.000010 0.416447 0.000010 0.000010 0.000010
0.000010 0.000010 0.000010 0.000010 0.650298 0.000010 0.000010 0.000010 0.000010 0.349622
0.741053 0.000010 0.000010 0.000010 0.258867 0.000010 0.000010 0.000010 0.000010 0.000010
0.000010 0.000010 0.000010 0.000010 0.943898 0.000010 0.000010 0.000010 0.019160 0.036872
0.000010 0.000010 0.000010 0.000010 0.000010 0.000010 0.000010 0.000010 0.999910 0.000010
0.000010 0.000010 0.000010 0.000010 0.000010 0.012937 0.000010 0.000010 0.986983 0.000010
0.000010 0.000010 0.000010 0.000010 0.000010 0.000010 0.000010 0.000010 0.999910 0.000010
0.000010 0.000010 0.000010 0.000010 0.000010 0.999907 0.000010 0.000010 0.000013 0.000010
0.000010 0.000010 0.000010 0.000010 0.000010 0.000010 0.000010 0.000010 0.999910 0.000010
0.000012 0.000010 0.000010 0.000010 0.709449 0.000012 0.000010 0.000010 0.109960 0.180517
0.615766 0.000010 0.195484 0.000010 0.000010 0.000010 0.000010 0.000010 0.000010 0.188680
0.000010 0.000010 0.999910 0.000010 0.000010 0.000010 0.000010 0.000010 0.000010 0.000010
0.152236 0.000010 0.000010 0.063959 0.407096 0.000010 0.000010 0.000010 0.376648 0.000010
0.000010 0.000010 0.000010 0.109335 0.026671 0.165266 0.466320 0.048532 0.000010 0.183837
0.000010 0.000010 0.000010 0.686189 0.000010 0.020445 0.000010 0.268175 0.025132 0.000010
0.000010 0.000010 0.000010 0.000010 0.000010 0.000010 0.672742 0.000010 0.327178 0.000010
0.144961 0.000010 0.115587 0.000010 0.023311 0.078824 0.000010 0.366703 0.270575 0.000010
0.999909 0.000010 0.000010 0.000010 0.000010 0.000010 0.000010 0.000011 0.000010 0.000010
0.000010 0.000010 0.198647 0.101906 0.052795 0.158148 0.000010 0.144039 0.000010 0.344425
0.000010 0.000010 0.000010 0.000010 0.000010 0.000010 0.000010 0.000010 0.000010 0.999910
0.000015 0.000010 0.000013 0.000010 0.557712 0.145209 0.000010 0.000010 0.297002 0.000010
0.448557 0.000010 0.000010 0.000010 0.000010 0.068129 0.000010 0.147279 0.335974 0.000010
0.000010 0.000010 0.000010 0.000010 0.669398 0.000010 0.000010 0.000010 0.330522 0.000010
0.817490 0.000010 0.000012 0.000010 0.000010 0.000010 0.000010 0.000010 0.182428 0.000010
0.844490 0.000010 0.000012 0.000010 0.000010 0.000010 0.000010 0.000010 0.155428 0.000010
0.000010 0.999910 0.000010 0.000010 0.000010 0.000010 0.000010 0.000010 0.000010 0.000010
0.000017 0.000010 0.000012 0.000010 0.477420 0.010628 0.000010 0.000010 0.031152 0.480731
0.000010 0.000010 0.000010 0.000010 0.768156 0.000010 0.000010 0.000010 0.231764 0.000010
0.000010 0.000010 0.000010 0.000010 0.000010 0.000010 0.000010 0.000010 0.000010 0.999910
0.000010 0.000010 0.000010 0.000010 0.775714 0.000010 0.000010 0.000010 0.224206 0.000010
0.000010 0.206473 0.000010 0.365352 0.325947 0.000010 0.102169 0.000010 0.000010 0.000010
0.000010 0.331999 0.380787 0.000010 0.000010 0.287141 0.000010 0.000012 0.000010 0.000010
0.000010 0.000010 0.840495 0.000010 0.000010 0.159422 0.000010 0.000010 0.000013 0.000010
0.000010 0.000010 0.000010 0.000010 0.000010 0.000010 0.000010 0.000010 0.000010 0.999910
0.000010 0.000010 0.000010 0.000010 0.000010 0.999910 0.000010 0.000010 0.000010 0.000010
0.000010 0.000010 0.116420 0.115553 0.461903 0.000010 0.000010 0.028462 0.252827 0.024795
0.000010 0.000010 0.000010 0.000010 0.000010 0.000010 0.636334 0.010648 0.352948 0.000010
0.000010 0.319761 0.080994 0.000010 0.160421 0.314123 0.000010 0.000015 0.000010 0.124645
0.000010 0.162007 0.000010 0.000010 0.121156 0.167432 0.106107 0.000010 0.000010 0.443247
0.000010 0.000010 0.000010 0.000010 0.501610 0.037255 0.000010 0.000010 0.209318 0.251757
0.000010 0.000010 0.000010 0.000010 0.188285 0.124865 0.000010 0.000010 0.000010 0.686780
0.000010 0.000010 0.000010 0.000010 0.000010 0.999910 0.000010 0.000010 0.000010 0.000010
0.027394 0.000010 0.003512 0.376682 0.000010 0.000010 0.000010 0.000010 0.000010 0.592352
0.000010 0.000010 0.000010 0.000010 0.000010 0.000010 0.000010 0.000010 0.938914 0.061006
0.000010 0.000010 0.000010 0.000010 0.000010 0.000010 0.988670 0.000010 0.011250 0.000010
0.000010 0.000010 0.000010 0.000010 0.000010 0.000010 0.000010 0.000010 0.999910 0.000010
0.118075 0.000010 0.317068 0.165488 0.000010 0.000010 0.399309 0.000010 0.000010 0.000010
0.000010 0.000010 0.571699 0.035841 0.000010 0.000010 0.392390 0.000010 0.000010 0.000010
0.000010 0.000010 0.000010 0.000010 0.000010 0.000010 0.000010 0.999910 0.000010 0.000010
0.000010 0.000010 0.000010 0.000010 0.000010 0.000010 0.000010 0.000010 0.000010 0.999910
0.000010 0.000010 0.000010 0.000010 0.086106 0.517453 0.000010 0.000010 0.333080 0.063302
0.000010 0.000010 0.000010 0.999910 0.000010 0.000010 0.000010 0.000010 0.000010 0.000010
0.000010 0.000010 0.000010 0.000010 0.000010 0.000010 0.000010 0.999910 0.000010 0.000010
0.000010 0.000010 0.000010 0.000010 0.572318 0.235131 0.000010 0.000010 0.192481 0.000010
0.000010 0.000010 0.000010 0.000010 0.000010 0.199328 0.000010 0.000010 0.681314 0.119289
0.000010 0.000010 0.000010 0.000010 0.000010 0.999910 0.000010 0.000010 0.000010 0.000010
0.000013 0.000010 0.000010 0.000010 0.584064 0.000010 0.000010 0.000010 0.000010 0.415853
0.000010 0.000010 0.000010 0.161150 0.428726 0.114349 0.000014 0.000010 0.146428 0.149292
0.000010 0.000010 0.000010 0.818245 0.000010 0.000010 0.000010 0.000010 0.181675 0.000010
0.000010 0.000010 0.000010 0.776312 0.000010 0.000010 0.000010 0.000010 0.223608 0.000010
0.000010 0.000010 0.000010 0.000010 0.623170 0.093472 0.000010 0.000010 0.125090 0.158208
0.237616 0.000010 0.000010 0.000010 0.247987 0.226783 0.000010 0.000010 0.206365 0.081199
0.000010 0.000010 0.000010 0.000010 0.000010 0.999907 0.000010 0.000010 0.000013 0.000010
