0.270048 0.145152 0.200165 0.000010 0.000010 0.384614
0.000010 0.000010 0.000010 0.210637 0.000010 0.789323
0.236110 0.096450 0.314360 0.000010 0.000010 0.353060
0.642987 0.000010 0.000010 0.000010 0.092382 0.264601
0.529392 0.203144 0.000010 0.000010 0.000010 0.267434
0.000010 0.000010 0.599435 0.000010 0.000010 0.400525
0.000010 0.000010 0.000010 0.735011 0.000010 0.264949
0.735088 0.204063 0.049001 0.000010 0.000010 0.011828
0.000010 0.000010 0.022184 0.768438 0.209348 0.000010
0.000010 0.000010 0.752285 0.000010 0.000010 0.247675
0.000010 0.000010 0.372043 0.000018 0.000010 0.627909
0.849443 0.000010 0.150517 0.000010 0.000010 0.000010
0.871467 0.000010 0.128493 0.000010 0.000010 0.000010
0.000010 0.000010 0.615007 0.000010 0.000010 0.384953
0.674082 0.000010 0.061067 0.000010 0.199444 0.065386
0.418911 0.000010 0.000010 0.287545 0.293514 0.000010
0.000010 0.000010 0.372536 0.000010 0.000010 0.627424
0.000010 0.000010 0.000010 0.000010 0.565684 0.434276
0.584600 0.000010 0.209544 0.000010 0.000010 0.205826
0.700542 0.299418 0.000010 0.000010 0.000010 0.000010
0.403422 0.011999 0.153293 0.000010 0.208991 0.222285
0.305285 0.000010 0.237697 0.000010 0.449881 0.007118
0.288945 0.000010 0.220721 0.000010 0.489511 0.000803
0.000010 0.000010 0.271524 0.133121 0.000010 0.595325
0.000010 0.000010 0.216220 0.000010 0.000010 0.783740
0.000010 0.000010 0.377270 0.000010 0.000010 0.622690
0.000010 0.180755 0.194630 0.107866 0.417205 0.099534
0.000010 0.399560 0.091236 0.000010 0.167511 0.341672
0.000010 0.000010 0.384800 0.000010 0.000010 0.615160
0.000010 0.000010 0.444241 0.086390 0.000010 0.469339
0.702310 0.106573 0.148859 0.000010 0.042238 0.000010
0.439425 0.000012 0.000014 0.000010 0.000010 0.560529
0.000010 0.000010 0.000010 0.000010 0.000010 0.999950
0.000010 0.000010 0.000010 0.000010 0.000010 0.999950
0.359052 0.000010 0.000010 0.266812 0.000010 0.374106
0.670594 0.329366 0.000010 0.000010 0.000010 0.000010
0.000011 0.000017 0.492131 0.507819 0.000011 0.000010
0.000010 0.764394 0.235566 0.000010 0.000010 0.000010
0.000010 0.000010 0.717851 0.282109 0.000010 0.000010
0.000010 0.000010 0.000010 0.000012 0.000010 0.999948
0.000010 0.000010 0.000010 0.000010 0.000010 0.999950
0.000010 0.000010 0.000010 0.000010 0.000010 0.999950
0.000010 0.000010 0.000010 0.000010 0.000010 0.999950
0.000010 0.000010 0.000010 0.000010 0.000010 0.999950
0.000010 0.000010 0.681116 0.318844 0.000010 0.000010
0.000010 0.775020 0.000010 0.224940 0.000010 0.000010
0.000010 0.831266 0.000010 0.000010 0.000010 0.168694
0.000010 0.168545 0.831415 0.000010 0.000010 0.000010
0.321028 0.000010 0.000010 0.190369 0.288992 0.199591
0.000010 0.000010 0.415066 0.000010 0.583396 0.001508
0.538514 0.000010 0.000010 0.000010 0.181346 0.280109
0.000010 0.198259 0.093236 0.000010 0.297275 0.411210
0.000010 0.787599 0.000010 0.000010 0.212361 0.000010
0.000010 0.131273 0.038401 0.363603 0.199073 0.267641
0.000010 0.000010 0.000010 0.999950 0.000010 0.000010
0.000010 0.000010 0.726929 0.000010 0.000010 0.273031
0.000010 0.342948 0.054517 0.058250 0.178986 0.365288
0.000010 0.000010 0.999950 0.000010 0.000010 0.000010
0.000010 0.794803 0.205157 0.000010 0.000010 0.000010
0.000010 0.820979 0.176761 0.000010 0.000010 0.002231
0.850666 0.020826 0.095743 0.000010 0.010786 0.021969
0.000010 0.000010 0.455362 0.544598 0.000010 0.000010
0.000010 0.000010 0.741920 0.191240 0.000010 0.066811
0.000010 0.000010 0.000010 0.999950 0.000010 0.000010
0.000010 0.000010 0.832277 0.105934 0.000010 0.061759
0.312359 0.000010 0.519126 0.000010 0.168485 0.000010
0.331456 0.287420 0.000010 0.000010 0.000010 0.381095
0.000010 0.747588 0.000010 0.000010 0.000010 0.252372
0.000010 0.000010 0.000010 0.999950 0.000010 0.000010
0.000010 0.000010 0.000010 0.000010 0.000010 0.999950
0.000010 0.000010 0.700555 0.095129 0.162488 0.041808
0.491635 0.000010 0.000010 0.000010 0.211422 0.296913
0.310985 0.016656 0.083294 0.201674 0.000010 0.387381
0.258973 0.000010 0.000010 0.518159 0.000010 0.222838
0.000010 0.000010 0.458981 0.373987 0.000010 0.167002
0.000010 0.000010 0.186331 0.745016 0.000010 0.068623
0.000010 0.000010 0.000010 0.000010 0.000010 0.999950
0.000010 0.000010 0.000010 0.665807 0.334153 0.000010
0.000010 0.000010 0.389835 0.091164 0.000010 0.518972
0.999950 0.000010 0.000010 0.000010 0.000010 0.000010
0.000010 0.000010 0.000010 0.000010 0.000010 0.999950
0.304814 0.451686 0.000010 0.000010 0.243470 0.000010
0.367306 0.448241 0.000010 0.047742 0.136692 0.000010
0.000010 0.000010 0.000010 0.000010 0.679369 0.320591
0.000010 0.000010 0.000010 0.999950 0.000010 0.000010
0.000010 0.000010 0.098806 0.096008 0.000010 0.805156
0.000010 0.000010 0.451953 0.000010 0.548007 0.000010
0.000010 0.000010 0.000010 0.000010 0.613587 0.386373
0.000010 0.000010 0.656935 0.000010 0.000010 0.343025
0.000010 0.000010 0.119551 0.159665 0.000010 0.720754
0.000010 0.000010 0.000010 0.000010 0.000010 0.999950
0.000010 0.000010 0.495813 0.504147 0.000010 0.000010
0.000010 0.000010 0.366504 0.233726 0.138954 0.260797
0.000010 0.000010 0.583509 0.000010 0.416451 0.000010
0.000010 0.000010 0.594165 0.000010 0.405795 0.000010
0.000010 0.000010 0.468212 0.273560 0.000010 0.258198
0.000010 0.216399 0.449903 0.121242 0.000010 0.212436
0.000010 0.000010 0.000010 0.000010 0.000010 0.999950
