0.056028 0.000010 0.000010 0.444659 0.000010 0.151770 0.144867 0.202636 0.000010
0.000010 0.106772 0.000010 0.454085 0.183702 0.000010 0.000010 0.000010 0.255391
0.000010 0.000010 0.062641 0.390801 0.000010 0.096498 0.276914 0.173106 0.000010
0.067522 0.323102 0.000010 0.000010 0.000010 0.000012 0.000010 0.609313 0.000010
0.000010 0.000010 0.000010 0.324331 0.000010 0.206392 0.000010 0.469216 0.000010
0.000010 0.000010 0.000010 0.323149 0.000010 0.000010 0.401497 0.000010 0.275295
0.000010 0.167634 0.000010 0.068730 0.723768 0.000010 0.000010 0.000010 0.039818
0.000010 0.000010 0.000010 0.000010 0.000010 0.142912 0.000010 0.663346 0.193682
0.263721 0.000010 0.000010 0.000010 0.736209 0.000010 0.000010 0.000010 0.000010
0.000010 0.000011 0.000010 0.315688 0.000010 0.000010 0.653838 0.000010 0.030413
0.000010 0.000010 0.000010 0.000010 0.000010 0.000010 0.000010 0.000010 0.999920
0.000010 0.000010 0.000010 0.040788 0.000010 0.000010 0.032400 0.789710 0.137052
0.000010 0.000010 0.000010 0.000010 0.000010 0.000010 0.000010 0.805890 0.194040
0.000010 0.000010 0.000010 0.416531 0.000010 0.000010 0.555556 0.000010 0.027853
0.000010 0.165787 0.150977 0.000010 0.000010 0.000010 0.000010 0.683175 0.000010
0.123949 0.000010 0.228638 0.000010 0.233907 0.000010 0.000010 0.413455 0.000010
0.000010 0.000010 0.000010 0.000010 0.000010 0.000010 0.000010 0.000010 0.999920
0.000010 0.000010 0.822999 0.176931 0.000010 0.000010 0.000010 0.000010 0.000010
0.000010 0.000010 0.000010 0.327958 0.000010 0.000010 0.130430 0.541552 0.000010
0.000010 0.000010 0.000010 0.000010 0.000010 0.383610 0.000010 0.616320 0.000010
0.219391 0.000010 0.000010 0.000010 0.000010 0.014274 0.000010 0.382117 0.384168
0.450178 0.000010 0.000010 0.000010 0.000010 0.000010 0.000010 0.334325 0.215437
0.498064 0.000010 0.000010 0.000010 0.000010 0.000010 0.000010 0.313235 0.188640
0.000010 0.162679 0.000010 0.244656 0.114076 0.000010 0.000010 0.000010 0.478539
0.000010 0.000010 0.000010 0.292235 0.000010 0.000010 0.000010 0.000010 0.707695
0.000010 0.000010 0.000010 0.000010 0.000010 0.000010 0.000010 0.000010 0.999920
0.401885 0.160829 0.062325 0.000010 0.018457 0.182273 0.174200 0.000010 0.000010
0.164339 0.035587 0.000019 0.255253 0.000010 0.411663 0.000010 0.000010 0.133108
0.000010 0.000010 0.000010 0.000017 0.000010 0.000010 0.000010 0.000010 0.999913
0.000010 0.000010 0.000010 0.000010 0.000010 0.000010 0.000010 0.000010 0.999920
0.072839 0.000010 0.000010 0.084806 0.000010 0.143884 0.000010 0.616392 0.082039
0.000010 0.089697 0.000010 0.493623 0.000010 0.000010 0.000010 0.416619 0.000010
0.000010 0.000010 0.000010 0.999920 0.000010 0.000010 0.000010 0.000010 0.000010
0.000010 0.000010 0.000010 0.999920 0.000010 0.000010 0.000010 0.000010 0.000010
0.000010 0.000017 0.000010 0.388101 0.212264 0.000010 0.090103 0.309475 0.000010
0.000010 0.000010 0.000010 0.000010 0.000010 0.413288 0.000010 0.586642 0.000010
0.000010 0.000010 0.000010 0.000010 0.394038 0.000010 0.605892 0.000010 0.000010
0.000010 0.000010 0.000010 0.000010 0.000010 0.625636 0.374294 0.000010 0.000010
0.000010 0.000010 0.000010 0.000010 0.080429 0.000010 0.764112 0.000010 0.155399
0.000010 0.999920 0.000010 0.000010 0.000010 0.000010 0.000010 0.000010 0.000010
0.000010 0.999920 0.000010 0.000010 0.000010 0.000010 0.000010 0.000010 0.000010
0.000010 0.999920 0.000010 0.000010 0.000010 0.000010 0.000010 0.000010 0.000010
0.000010 0.000010 0.000010 0.999920 0.000010 0.000010 0.000010 0.000010 0.000010
0.000010 0.999920 0.000010 0.000010 0.000010 0.000010 0.000010 0.000010 0.000010
0.000010 0.000010 0.000010 0.000010 0.188273 0.000010 0.572227 0.000010 0.239441
0.000010 0.000010 0.000010 0.000010 0.288009 0.711921 0.000010 0.000010 0.000010
0.000010 0.000010 0.000010 0.282149 0.000010 0.717781 0.000010 0.000010 0.000010
0.041039 0.000010 0.000010 0.000010 0.000010 0.125760 0.346151 0.000010 0.486999
0.212772 0.000010 0.067809 0.158459 0.219568 0.000010 0.000010 0.341352 0.000010
0.557428 0.151580 0.238534 0.000010 0.000010 0.000010 0.052408 0.000010 0.000010
0.000010 0.000010 0.106120 0.000018 0.000010 0.000010 0.000010 0.550825 0.342987
0.000010 0.000010 0.411712 0.085508 0.000010 0.165352 0.027072 0.000010 0.310315
0.161141 0.000010 0.029452 0.000010 0.019604 0.789753 0.000010 0.000010 0.000010
0.098097 0.001869 0.189995 0.197322 0.305300 0.092368 0.115029 0.000010 0.000010
0.000010 0.000010 0.000010 0.000010 0.999920 0.000010 0.000010 0.000010 0.000010
0.000010 0.034215 0.000010 0.154247 0.000010 0.000010 0.443606 0.000010 0.367882
0.024690 0.045054 0.208367 0.053115 0.037122 0.291755 0.067330 0.000010 0.272558
0.000010 0.000010 0.000010 0.000010 0.000010 0.000010 0.524294 0.000010 0.475636
0.000010 0.000010 0.000010 0.000010 0.000010 0.687684 0.000010 0.000010 0.312246
0.000010 0.000010 0.000010 0.000010 0.000010 0.701088 0.000010 0.000010 0.298842
0.025007 0.000010 0.000010 0.116524 0.000010 0.049409 0.000010 0.763110 0.045910
0.000010 0.000010 0.000010 0.001375 0.479046 0.000010 0.440274 0.000010 0.079255
0.000010 0.000010 0.000010 0.000010 0.013859 0.000010 0.613859 0.000010 0.372223
0.000010 0.000010 0.000010 0.000010 0.999920 0.000010 0.000010 0.000010 0.000010
0.000010 0.000010 0.000010 0.000010 0.000010 0.000010 0.643855 0.000010 0.356075
0.312453 0.000010 0.000010 0.000016 0.000010 0.000010 0.431168 0.256313 0.000010
0.000010 0.000010 0.000010 0.390481 0.000010 0.226962 0.072806 0.309700 0.000010
0.000010 0.000010 0.000010 0.324363 0.000010 0.675567 0.000010 0.000010 0.000010
0.000010 0.000010 0.000010 0.000010 0.999920 0.000010 0.000010 0.000010 0.000010
0.000010 0.000010 0.000010 0.999920 0.000010 0.000010 0.000010 0.000010 0.000010
0.138214 0.045630 0.089132 0.000016 0.030210 0.000010 0.375553 0.000010 0.321225
0.000010 0.000010 0.133311 0.000010 0.000010 0.000010 0.000010 0.514468 0.352161
0.000010 0.000010 0.000010 0.377376 0.093722 0.000010 0.256212 0.272641 0.000010
0.000010 0.002774 0.000010 0.190869 0.460812 0.000010 0.113980 0.231525 0.000010
0.000010 0.043628 0.000010 0.050663 0.271569 0.000010 0.406000 0.000010 0.228099
0.000010 0.000010 0.000010 0.135808 0.685673 0.000010 0.178458 0.000010 0.000010
0.000010 0.000010 0.000010 0.999920 0.000010 0.000010 0.000010 0.000010 0.000010
0.371517 0.000010 0.000010 0.000010 0.628413 0.000010 0.000010 0.000010 0.000010
0.000010 0.089829 0.000010 0.000010 0.020678 0.000010 0.000010 0.000010 0.889433
0.000010 0.000010 0.000010 0.000010 0.000010 0.000010 0.000010 0.897882 0.102048
0.000010 0.999920 0.000010 0.000010 0.000010 0.000010 0.000010 0.000010 0.000010
0.213434 0.000010 0.000010 0.000010 0.000010 0.483346 0.000013 0.303156 0.000010
0.174304 0.000010 0.000010 0.000010 0.063114 0.413889 0.014373 0.334279 0.000010
0.000010 0.000010 0.999920 0.000010 0.000010 0.000010 0.000010 0.000010 0.000010
0.000010 0.000010 0.000010 0.000010 0.999920 0.000010 0.000010 0.000010 0.000010
0.000010 0.211030 0.000010 0.476360 0.071748 0.000010 0.000010 0.000010 0.240812
0.909634 0.000010 0.000010 0.000010 0.000010 0.000017 0.090289 0.000010 0.000010
0.000010 0.000010 0.999920 0.000010 0.000010 0.000010 0.000010 0.000010 0.000010
0.000010 0.056666 0.000010 0.252206 0.000010 0.000010 0.510909 0.000010 0.180169
0.000010 0.130766 0.000010 0.222431 0.106679 0.000010 0.000010 0.000010 0.540074
0.000010 0.000010 0.000010 0.999920 0.000010 0.000010 0.000010 0.000010 0.000010
0.000010 0.000010 0.000010 0.000010 0.410434 0.000010 0.589496 0.000010 0.000010
0.136525 0.282137 0.000010 0.076255 0.131386 0.000010 0.373657 0.000010 0.000010
0.662275 0.000010 0.000010 0.000010 0.000010 0.000010 0.000010 0.000010 0.337655
0.636406 0.000010 0.000010 0.000010 0.000010 0.000010 0.000010 0.000010 0.363524
0.000010 0.267330 0.000010 0.042064 0.141531 0.000010 0.549025 0.000010 0.000010
0.000010 0.000010 0.000010 0.191451 0.088406 0.202201 0.185564 0.000010 0.332338
0.000010 0.000010 0.000010 0.999920 0.000010 0.000010 0.000010 0.000010 0.000010
