0.000010 0.289253 0.253950 0.000010 0.079603 0.377134 0.000010 0.000010 0.000010 0.000010
0.000010 0.000010 0.000010 0.000010 0.000010 0.432790 0.000010 0.000010 0.380587 0.186554
0.000010 0.290802 0.083081 0.000010 0.242578 0.346832 0.000010 0.036658 0.000010 0.000010
0.000010 0.744410 0.000010 0.096694 0.000010 0.000010 0.000010 0.000010 0.158826 0.000010
0.000010 0.566650 0.263762 0.000010 0.000010 0.169517 0.000010 0.000010 0.000010 0.000010
0.000010 0.000010 0.000010 0.000010 0.509501 0.346175 0.000010 0.000010 0.144254 0.000010
0.000010 0.000010 0.000010 0.000010 0.000010 0.048298 0.000010 0.000010 0.240327 0.711305
0.022434 0.350268 0.109811 0.000010 0.000010 0.000010 0.444342 0.000010 0.073095 0.000010
0.078237 0.000010 0.000010 0.229730 0.000010 0.000010 0.000010 0.000010 0.000010 0.691963
0.000010 0.000010 0.000010 0.000010 0.714379 0.285541 0.000010 0.000010 0.000010 0.000010
0.000013 0.000010 0.000010 0.000010 0.000010 0.000010 0.000010 0.000010 0.999907 0.000010
0.000010 0.999910 0.000010 0.000010 0.000010 0.000010 0.000010 0.000010 0.000010 0.000010
0.000010 0.999910 0.000010 0.000010 0.000010 0.000010 0.000010 0.000010 0.000010 0.000010
0.000010 0.000010 0.000010 0.000010 0.602889 0.397031 0.000010 0.000010 0.000010 0.000010
0.000010 0.799332 0.000010 0.000010 0.000010 0.000010 0.000010 0.200588 0.000010 0.000010
0.000010 0.000010 0.000010 0.110224 0.000010 0.000014 0.552368 0.059744 0.000010 0.277600
0.000010 0.000010 0.000010 0.000010 0.000010 0.000010 0.000010 0.000010 0.999910 0.000010
0.000010 0.000010 0.000010 0.000010 0.000010 0.146386 0.000010 0.853534 0.000010 0.000010
0.000010 0.716808 0.000010 0.000010 0.000010 0.283112 0.000010 0.000010 0.000010 0.000010
0.258097 0.371726 0.000010 0.000010 0.000010 0.000010 0.370107 0.000010 0.000010 0.000010
0.000010 0.083007 0.123873 0.179071 0.000010 0.000010 0.354739 0.000010 0.259260 0.000010
0.000010 0.029381 0.000010 0.435440 0.000010 0.000010 0.373872 0.010491 0.150766 0.000010
0.000010 0.000010 0.000010 0.480129 0.000010 0.000010 0.394828 0.000010 0.124973 0.000010
0.000017 0.000010 0.000010 0.000010 0.132868 0.280047 0.000010 0.000010 0.489034 0.097983
0.000010 0.000010 0.000010 0.000010 0.000010 0.243832 0.000010 0.000010 0.756088 0.000010
0.000010 0.000010 0.000010 0.000010 0.000010 0.000010 0.000010 0.000010 0.999910 0.000010
0.000010 0.000010 0.706703 0.238935 0.054291 0.000010 0.000010 0.000010 0.000010 0.000010
0.000010 0.000010 0.654930 0.000010 0.000010 0.098990 0.000010 0.000010 0.246010 0.000010
0.000010 0.000010 0.000010 0.000010 0.000010 0.000013 0.000010 0.000010 0.999906 0.000010
0.000010 0.000010 0.000010 0.000010 0.000010 0.000010 0.000010 0.000010 0.996670 0.003250
0.136178 0.641632 0.000010 0.066458 0.000010 0.000010 0.155672 0.000010 0.000010 0.000010
0.000010 0.000010 0.000010 0.000010 0.000010 0.541124 0.458796 0.000010 0.000010 0.000010
0.000010 0.000010 0.000010 0.000010 0.000010 0.999910 0.000010 0.000010 0.000010 0.000010
0.000010 0.000010 0.000010 0.000010 0.000010 0.999910 0.000010 0.000010 0.000010 0.000010
0.000010 0.408751 0.000010 0.000010 0.000010 0.354911 0.000010 0.000010 0.000010 0.236268
0.313295 0.270186 0.000010 0.000010 0.000010 0.000010 0.416449 0.000010 0.000010 0.000010
0.000010 0.000010 0.000010 0.000010 0.650295 0.000010 0.000010 0.000010 0.000010 0.349625
0.741060 0.000010 0.000010 0.000010 0.258860 0.000010 0.000010 0.000010 0.000010 0.000010
0.000010 0.000010 0.000010 0.000010 0.943879 0.000010 0.000010 0.000010 0.019172 0.036879
0.000010 0.000010 0.000010 0.000010 0.000010 0.000010 0.000010 0.000010 0.999910 0.000010
0.000010 0.000010 0.000010 0.000010 0.000010 0.012944 0.000010 0.000010 0.986976 0.000010
0.000010 0.000010 0.000010 0.000010 0.000017 0.000010 0.000010 0.000010 0.999903 0.000010
0.000010 0.000010 0.000010 0.000010 0.000010 0.999910 0.000010 0.000010 0.000010 0.000010
0.000010 0.000010 0.000010 0.000010 0.000010 0.000010 0.000010 0.000010 0.999910 0.000010
0.000012 0.000010 0.000010 0.000010 0.709442 0.000010 0.000010 0.000010 0.109969 0.180517
0.615766 0.000010 0.195487 0.000010 0.000010 0.000010 0.000010 0.000010 0.000010 0.188678
0.000010 0.000010 0.999910 0.000010 0.000010 0.000010 0.000010 0.000010 0.000010 0.000010
0.152236 0.000010 0.000010 0.063958 0.407094 0.000010 0.000012 0.000010 0.376649 0.000010
0.000010 0.000010 0.000010 0.109340 0.026665 0.165268 0.466316 0.048533 0.000010 0.183838
0.000010 0.000010 0.000010 0.686188 0.000010 0.020449 0.000010 0.268176 0.025127 0.000010
0.000010 0.000010 0.000010 0.000010 0.000010 0.000010 0.672742 0.000010 0.327178 0.000010
0.144963 0.000010 0.115581 0.000010 0.023311 0.078824 0.000010 0.366707 0.270573 0.000010
0.999910 0.000010 0.000010 0.000010 0.000010 0.000010 0.000010 0.000010 0.000010 0.000010
0.000010 0.000010 0.198651 0.101903 0.052797 0.158146 0.000010 0.144038 0.000010 0.344425
0.000010 0.000010 0.000010 0.000010 0.000010 0.000010 0.000010 0.000010 0.000010 0.999910
0.000016 0.000010 0.000013 0.000010 0.557702 0.145208 0.000010 0.000010 0.297011 0.000010
0.448558 0.000010 0.000010 0.000010 0.000010 0.068128 0.000010 0.147280 0.335974 0.000010
0.000010 0.000010 0.000010 0.000010 0.669393 0.000010 0.000010 0.000010 0.330527 0.000010
0.817495 0.000010 0.000016 0.000010 0.000010 0.000010 0.000010 0.000010 0.182418 0.000010
0.844500 0.000010 0.000010 0.000010 0.000010 0.000010 0.000010 0.000010 0.155420 0.000010
0.000010 0.999910 0.000010 0.000010 0.000010 0.000010 0.000010 0.000010 0.000010 0.000010
0.000010 0.000010 0.000012 0.000010 0.477423 0.010629 0.000010 0.000010 0.031154 0.480732
0.000010 0.000010 0.000010 0.000010 0.768144 0.000010 0.000010 0.000010 0.231776 0.000010
0.000010 0.000010 0.000010 0.000010 0.000010 0.000010 0.000010 0.000010 0.000010 0.999910
0.000010 0.000010 0.000010 0.000010 0.775706 0.000010 0.000010 0.000010 0.224214 0.000010
0.000010 0.206473 0.000010 0.365351 0.325948 0.000010 0.102169 0.000010 0.000010 0.000010
0.000010 0.331998 0.380787 0.000010 0.000010 0.287141 0.000010 0.000013 0.000010 0.000010
0.000010 0.000010 0.840494 0.000010 0.000010 0.159426 0.000010 0.000010 0.000010 0.000010
0.000010 0.000010 0.000010 0.000010 0.000010 0.000010 0.000010 0.000010 0.000010 0.999910
0.000010 0.000010 0.000010 0.000010 0.000010 0.999910 0.000010 0.000010 0.000010 0.000010
0.000010 0.000010 0.116419 0.115552 0.461901 0.000010 0.000010 0.028462 0.252832 0.024794
0.000010 0.000010 0.000010 0.000010 0.000010 0.000010 0.636334 0.010648 0.352948 0.000010
0.000010 0.319761 0.080997 0.000010 0.160422 0.314124 0.000010 0.000010 0.000010 0.124645
0.000010 0.162008 0.000010 0.000010 0.121155 0.167433 0.106107 0.000010 0.000010 0.443247
0.000010 0.000010 0.000010 0.000010 0.501603 0.037258 0.000010 0.000010 0.209320 0.251759
0.000011 0.000010 0.000010 0.000010 0.188283 0.124866 0.000010 0.000010 0.000010 0.686780
0.000010 0.000010 0.000010 0.000010 0.000010 0.999910 0.000010 0.000010 0.000010 0.000010
0.027371 0.000010 0.003540 0.376676 0.000010 0.000010 0.000010 0.000010 0.000010 0.592352
0.000010 0.000010 0.000010 0.000010 0.000010 0.000010 0.000010 0.000010 0.938933 0.060987
0.000010 0.000010 0.000010 0.000010 0.000010 0.000010 0.988669 0.000010 0.011251 0.000010
0.000010 0.000010 0.000010 0.000010 0.000010 0.000010 0.000010 0.000010 0.999910 0.000010
0.118068 0.000010 0.317074 0.165488 0.000010 0.000010 0.399310 0.000010 0.000010 0.000010
0.000010 0.000010 0.571699 0.035842 0.000010 0.000010 0.392390 0.000010 0.000010 0.000010
0.000010 0.000010 0.000010 0.000010 0.000010 0.000010 0.000010 0.999910 0.000010 0.000010
0.000010 0.000010 0.000010 0.000010 0.000010 0.000010 0.000010 0.000010 0.000010 0.999910
0.000010 0.000010 0.000010 0.000010 0.086103 0.517454 0.000010 0.000010 0.333082 0.063300
0.000010 0.000010 0.000010 0.999910 0.000010 0.000010 0.000010 0.000010 0.000010 0.000010
0.000010 0.000010 0.000010 0.000010 0.000010 0.000010 0.000010 0.999910 0.000010 0.000010
0.000010 0.000010 0.000010 0.000010 0.572312 0.235131 0.000010 0.000010 0.192488 0.000010
0.000010 0.000010 0.000010 0.000010 0.000010 0.199328 0.000010 0.000010 0.681320 0.119282
0.000010 0.000010 0.000010 0.000010 0.000010 0.999910 0.000010 0.000010 0.000010 0.000010
0.000014 0.000010 0.000010 0.000010 0.584064 0.000010 0.000010 0.000010 0.000010 0.415852
0.000010 0.000010 0.000010 0.161152 0.428723 0.114348 0.000013 0.000010 0.146433 0.149291
0.000010 0.000010 0.000010 0.818246 0.000010 0.000010 0.000010 0.000010 0.181674 0.000010
0.000010 0.000010 0.000010 0.776313 0.000010 0.000010 0.000010 0.000010 0.223607 0.000010
0.000010 0.000010 0.000010 0.000010 0.623167 0.093472 0.000010 0.000010 0.125095 0.158207
0.237618 0.000010 0.000010 0.000010 0.247985 0.226785 0.000010 0.000010 0.206362 0.081199
0.000010 0.000010 0.000010 0.000010 0.000010 0.999910 0.000010 0.000010 0.000010 0.000010
