0.000010 0.139303 0.586360 0.274327
0.199824 0.000010 0.800156 0.000010
0.068288 0.102255 0.585659 0.243798
0.000010 0.000010 0.256148 0.743832
0.000010 0.135549 0.308430 0.556011
0.316801 0.000010 0.683179 0.000010
0.743398 0.000010 0.256582 0.000010
0.000010 0.079821 0.128978 0.791191
0.795447 0.204533 0.000010 0.000010
0.349884 0.000010 0.650096 0.000010
0.000010 0.000010 0.999970 0.000010
0.000010 0.000010 0.101400 0.898580
0.000010 0.000010 0.088732 0.911248
0.311675 0.000010 0.688305 0.000010
0.000010 0.083730 0.127712 0.788548
0.326342 0.147492 0.000010 0.526156
0.000010 0.000010 0.999970 0.000010
0.061226 0.617804 0.320960 0.000010
0.000010 0.000010 0.382455 0.617525
0.000010 0.319028 0.000010 0.680952
0.000010 0.214586 0.330722 0.454683
0.000010 0.332723 0.215327 0.451940
0.000010 0.371282 0.192454 0.436254
0.167384 0.000010 0.832596 0.000010
0.000010 0.000010 0.999970 0.000010
0.000010 0.000010 0.999970 0.000010
0.208130 0.636302 0.155558 0.000010
0.000010 0.492219 0.507761 0.000010
0.000010 0.000014 0.999966 0.000010
0.130057 0.000010 0.869923 0.000010
0.000010 0.181924 0.127636 0.690430
0.000018 0.000010 0.546368 0.453604
0.000010 0.000010 0.999970 0.000010
0.000010 0.000010 0.999970 0.000010
0.347013 0.000010 0.305714 0.347263
0.000010 0.254520 0.000010 0.745460
0.928853 0.000010 0.071127 0.000010
0.330240 0.541705 0.128045 0.000010
0.658950 0.000010 0.341030 0.000010
0.000010 0.000010 0.999970 0.000010
0.000010 0.000010 0.999970 0.000010
0.000010 0.000010 0.999970 0.000010
0.000010 0.000010 0.999970 0.000010
0.000010 0.000010 0.999970 0.000010
0.589918 0.000010 0.410062 0.000010
0.448824 0.511004 0.040163 0.000010
0.000010 0.581899 0.418081 0.000010
0.096938 0.233356 0.669696 0.000010
0.233855 0.128966 0.176359 0.460821
0.000010 0.517220 0.353317 0.129452
0.000010 0.094429 0.269847 0.635713
0.000010 0.467950 0.532030 0.000010
0.187565 0.812415 0.000010 0.000010
0.456992 0.295419 0.247579 0.000010
0.999970 0.000010 0.000010 0.000010
0.311082 0.000010 0.688898 0.000010
0.159083 0.421573 0.419334 0.000010
0.283475 0.000010 0.716505 0.000010
0.206516 0.477846 0.315628 0.000010
0.201413 0.485651 0.312926 0.000010
0.000010 0.047608 0.084302 0.868080
0.815716 0.000010 0.184264 0.000010
0.501321 0.000010 0.498659 0.000010
0.999964 0.000010 0.000016 0.000010
0.426056 0.000010 0.573924 0.000010
0.098458 0.351859 0.240486 0.309197
0.083908 0.098479 0.413545 0.404068
0.000010 0.565648 0.434332 0.000010
0.999970 0.000010 0.000010 0.000010
0.000010 0.000010 0.999970 0.000010
0.257731 0.238720 0.503539 0.000010
0.000010 0.115557 0.288994 0.595439
0.306336 0.000010 0.374514 0.319139
0.534606 0.000010 0.216159 0.249226
0.525474 0.000017 0.474499 0.000010
0.908858 0.000010 0.091122 0.000010
0.000010 0.000010 0.999970 0.000010
0.646517 0.353463 0.000010 0.000010
0.135443 0.000010 0.864537 0.000010
0.000010 0.000010 0.000010 0.999970
0.000010 0.000010 0.999970 0.000010
0.000010 0.723158 0.000010 0.276822
0.109606 0.525791 0.000010 0.364593
0.000010 0.739554 0.260426 0.000010
0.999970 0.000010 0.000010 0.000010
0.099934 0.000010 0.900046 0.000010
0.028154 0.839319 0.132517 0.000010
0.000010 0.676201 0.323779 0.000010
0.320795 0.000010 0.679185 0.000010
0.148633 0.000010 0.851347 0.000010
0.000010 0.000010 0.999970 0.000010
0.900797 0.000010 0.099183 0.000010
0.433596 0.000010 0.462660 0.103734
0.000010 0.613602 0.386378 0.000010
0.000010 0.600117 0.399863 0.000010
0.555784 0.000010 0.444196 0.000010
0.227850 0.195365 0.576775 0.000010
0.000010 0.000010 0.999970 0.000010
