0.000010 0.050890 0.000010 0.153083 0.000010 0.431136 0.153486 0.211375
0.000010 0.000010 0.184691 0.000010 0.364653 0.450606 0.000010 0.000010
0.061739 0.000010 0.000010 0.094865 0.000010 0.377041 0.288508 0.177816
0.000010 0.113511 0.000010 0.000011 0.202733 0.072399 0.000010 0.611317
0.000010 0.000010 0.000010 0.205952 0.000010 0.317211 0.000010 0.476787
0.000010 0.000010 0.000010 0.000010 0.218736 0.327503 0.453712 0.000010
0.000010 0.000010 0.714881 0.000010 0.215506 0.069563 0.000010 0.000010
0.000010 0.000010 0.000010 0.166410 0.152688 0.000010 0.000010 0.680852
0.000010 0.280885 0.719055 0.000010 0.000010 0.000010 0.000010 0.000010
0.000010 0.000010 0.000010 0.000010 0.000010 0.309565 0.690375 0.000010
0.000010 0.000010 0.000010 0.000010 0.999930 0.000010 0.000010 0.000010
0.000010 0.000010 0.000010 0.000010 0.000010 0.141905 0.051229 0.806816
0.000010 0.000010 0.000010 0.000010 0.076748 0.098401 0.000010 0.824801
0.000010 0.000010 0.000010 0.000010 0.000010 0.411010 0.588930 0.000010
0.189596 0.000010 0.000010 0.000010 0.127616 0.000010 0.000010 0.682738
0.219917 0.112478 0.235868 0.000010 0.000010 0.000010 0.000010 0.431697
0.000010 0.000010 0.000010 0.000010 0.999930 0.000010 0.000010 0.000010
0.815829 0.000010 0.000010 0.000010 0.000010 0.184111 0.000010 0.000010
0.000010 0.000010 0.000010 0.000010 0.000010 0.327349 0.121944 0.550657
0.000010 0.000010 0.000010 0.370599 0.000010 0.000010 0.000010 0.629341
0.000010 0.242800 0.000010 0.031738 0.337270 0.000010 0.000010 0.388152
0.000010 0.497174 0.000010 0.000010 0.156816 0.000010 0.000010 0.345960
0.000010 0.551942 0.000010 0.000010 0.123723 0.000010 0.000010 0.324285
0.000010 0.000010 0.099817 0.000010 0.528559 0.252271 0.119313 0.000010
0.000010 0.000010 0.000010 0.000010 0.759887 0.240053 0.000010 0.000010
0.000010 0.000010 0.000010 0.000010 0.999930 0.000010 0.000010 0.000010
0.096116 0.404295 0.065630 0.202265 0.000010 0.000010 0.231664 0.000010
0.000010 0.171136 0.000010 0.425260 0.164172 0.239393 0.000010 0.000010
0.000010 0.000010 0.000010 0.000010 0.999930 0.000010 0.000010 0.000010
0.000010 0.000010 0.057941 0.000010 0.941999 0.000010 0.000010 0.000010
0.000010 0.095622 0.000010 0.140941 0.015034 0.124149 0.000010 0.624224
0.000010 0.000010 0.000010 0.000010 0.072558 0.503784 0.000010 0.423608
0.000010 0.000010 0.000010 0.000010 0.000010 0.999930 0.000010 0.000010
0.000010 0.000010 0.000010 0.000010 0.000010 0.999930 0.000010 0.000010
0.000010 0.000010 0.220913 0.000010 0.000010 0.400826 0.059564 0.318657
0.000010 0.000010 0.000010 0.398791 0.000010 0.000010 0.000010 0.601149
0.000010 0.000010 0.384889 0.000010 0.000010 0.000010 0.615051 0.000010
0.000010 0.000010 0.000010 0.638879 0.000010 0.000010 0.361061 0.000010
0.000010 0.000010 0.083707 0.000010 0.096214 0.000010 0.820029 0.000010
0.000010 0.000010 0.000010 0.000010 0.999930 0.000010 0.000010 0.000010
0.000010 0.000010 0.000010 0.000010 0.954880 0.045060 0.000010 0.000010
0.000010 0.000010 0.000010 0.000010 0.984411 0.015529 0.000010 0.000010
0.000010 0.000010 0.000010 0.000010 0.000010 0.999930 0.000010 0.000010
0.000010 0.000010 0.000010 0.000010 0.999930 0.000010 0.000010 0.000010
0.000010 0.000010 0.191338 0.000015 0.178748 0.000014 0.629856 0.000010
0.000010 0.000010 0.281496 0.718444 0.000010 0.000010 0.000010 0.000010
0.000010 0.000010 0.000010 0.720659 0.000010 0.279281 0.000010 0.000010
0.000010 0.051646 0.000010 0.132574 0.415920 0.000010 0.399821 0.000010
0.077648 0.215137 0.213771 0.000010 0.000010 0.140781 0.000010 0.352633
0.258740 0.613749 0.000010 0.000010 0.027765 0.018640 0.081076 0.000010
0.112894 0.000010 0.000010 0.000010 0.321089 0.000010 0.000010 0.565967
0.386323 0.000010 0.000010 0.185181 0.264487 0.097197 0.066782 0.000010
0.032516 0.171425 0.000010 0.796010 0.000010 0.000010 0.000010 0.000010
0.193753 0.102357 0.308633 0.096833 0.000010 0.196351 0.102053 0.000010
0.000010 0.000010 0.999923 0.000010 0.000010 0.000017 0.000010 0.000010
0.000013 0.000010 0.000010 0.000010 0.350034 0.133779 0.516134 0.000010
0.207962 0.029024 0.035522 0.296797 0.315603 0.045478 0.069604 0.000010
0.000010 0.000010 0.000010 0.000010 0.397756 0.000010 0.602184 0.000010
0.000010 0.000010 0.000010 0.709185 0.290755 0.000010 0.000010 0.000010
0.000010 0.000010 0.000010 0.724116 0.275824 0.000010 0.000010 0.000010
0.000010 0.042209 0.000010 0.041408 0.000010 0.142163 0.000010 0.774180
0.000010 0.000010 0.485150 0.000010 0.069424 0.000010 0.445376 0.000010
0.000010 0.000010 0.019084 0.000010 0.296461 0.000010 0.684405 0.000010
0.000010 0.000010 0.999925 0.000010 0.000013 0.000012 0.000010 0.000010
0.000010 0.000010 0.000010 0.000010 0.293121 0.000010 0.706819 0.000010
0.000010 0.338301 0.000010 0.000010 0.000010 0.000010 0.398140 0.263509
0.000010 0.000010 0.000010 0.244278 0.000010 0.399013 0.045084 0.311584
0.000010 0.000010 0.000010 0.679785 0.000010 0.320155 0.000010 0.000010
0.000010 0.000010 0.999927 0.000010 0.000010 0.000013 0.000010 0.000010
0.000010 0.000010 0.000010 0.000010 0.000010 0.999930 0.000010 0.000010
0.070904 0.163788 0.043052 0.000010 0.296514 0.000010 0.425712 0.000010
0.136973 0.000010 0.000010 0.000010 0.334201 0.000010 0.000010 0.528776
0.000010 0.000010 0.110021 0.000010 0.000010 0.379133 0.231336 0.279470
0.000010 0.000010 0.463328 0.000010 0.000010 0.186930 0.113219 0.236483
0.000010 0.000010 0.275205 0.000010 0.264966 0.033390 0.426400 0.000010
0.000010 0.000010 0.684042 0.000010 0.000010 0.138232 0.177676 0.000010
0.000010 0.000010 0.000010 0.000010 0.000010 0.999930 0.000010 0.000010
0.000010 0.381346 0.607135 0.011469 0.000010 0.000010 0.000010 0.000010
0.000010 0.000010 0.077355 0.000010 0.893683 0.000010 0.028912 0.000010
0.000010 0.000010 0.000010 0.000010 0.079597 0.000010 0.000010 0.920343
0.000010 0.000010 0.000010 0.000010 0.995896 0.004044 0.000010 0.000010
0.000010 0.200045 0.000010 0.480028 0.000010 0.000010 0.000010 0.319878
0.000010 0.163063 0.064699 0.421283 0.000010 0.000010 0.000010 0.350916
0.999930 0.000010 0.000010 0.000010 0.000010 0.000010 0.000010 0.000010
0.000010 0.000010 0.999923 0.000010 0.000010 0.000017 0.000010 0.000010
0.000010 0.000010 0.061423 0.000010 0.340262 0.502998 0.095277 0.000010
0.000010 0.999930 0.000010 0.000010 0.000010 0.000010 0.000010 0.000010
0.999930 0.000010 0.000010 0.000010 0.000010 0.000010 0.000010 0.000010
0.000010 0.000016 0.000010 0.000010 0.212260 0.238934 0.548749 0.000010
0.000010 0.000010 0.125119 0.000010 0.662317 0.212514 0.000010 0.000010
0.000010 0.000010 0.000010 0.000010 0.000010 0.999930 0.000010 0.000010
0.000010 0.000010 0.420468 0.000010 0.000010 0.000010 0.579472 0.000010
0.000010 0.153390 0.151059 0.000010 0.150633 0.112701 0.432187 0.000010
0.000010 0.747641 0.000010 0.000010 0.252299 0.000010 0.000010 0.000010
0.000010 0.716123 0.000010 0.000010 0.283817 0.000010 0.000010 0.000010
0.000010 0.000014 0.167978 0.000010 0.141938 0.087141 0.602900 0.000010
0.000010 0.000010 0.092464 0.213824 0.237258 0.220703 0.235722 0.000010
0.000010 0.000010 0.000010 0.000010 0.000010 0.999930 0.000010 0.000010
