0.000010 0.397617 0.602373
0.177339 0.000010 0.822651
0.080621 0.333639 0.585741
0.000010 0.756391 0.243599
0.000010 0.681353 0.318637
0.355647 0.000010 0.644343
0.730731 0.000010 0.269259
0.000010 0.869597 0.130393
0.844045 0.155945 0.000010
0.400402 0.000010 0.599588
0.000010 0.000010 0.999980
0.000010 0.900144 0.099846
0.000010 0.904119 0.095871
0.339791 0.000010 0.660199
0.000010 0.862225 0.137765
0.351629 0.648361 0.000010
0.000010 0.000010 0.999980
0.130226 0.513971 0.355803
0.000010 0.625408 0.374582
0.000010 0.999980 0.000010
0.000010 0.641936 0.358054
0.000010 0.726048 0.273942
0.000010 0.743277 0.256713
0.176132 0.000010 0.823858
0.000010 0.000010 0.999980
0.000010 0.000010 0.999980
0.290487 0.460977 0.248536
0.080473 0.367717 0.551809
0.000010 0.000010 0.999980
0.140141 0.000010 0.859849
0.000010 0.849823 0.150167
0.000010 0.460365 0.539625
0.000010 0.000010 0.999980
0.000010 0.000010 0.999980
0.323533 0.348200 0.328268
0.000010 0.988802 0.011188
0.999980 0.000010 0.000010
0.489210 0.371109 0.139681
0.724913 0.000010 0.275077
0.000010 0.000010 0.999980
0.000010 0.000010 0.999980
0.000010 0.000010 0.999980
0.000010 0.000010 0.999980
0.000010 0.000010 0.999980
0.638162 0.000010 0.361828
0.603055 0.337665 0.059280
0.000010 0.434163 0.565827
0.300967 0.132927 0.566106
0.213095 0.574766 0.212139
0.070030 0.538729 0.391241
0.000010 0.728764 0.271226
0.000010 0.371986 0.628004
0.393037 0.606953 0.000010
0.499376 0.221645 0.278979
0.999980 0.000010 0.000010
0.377824 0.000010 0.622166
0.262962 0.297362 0.439676
0.358482 0.000010 0.641508
0.428795 0.298667 0.272538
0.426738 0.301792 0.271470
0.000010 0.920053 0.079937
0.843913 0.000010 0.156077
0.549785 0.000010 0.450205
0.999980 0.000010 0.000010
0.478540 0.000010 0.521450
0.218027 0.578871 0.203103
0.078860 0.497990 0.423150
0.000010 0.444302 0.555688
0.999980 0.000010 0.000010
0.000010 0.000010 0.999980
0.374655 0.156049 0.469296
0.000010 0.702230 0.297760
0.274530 0.331198 0.394272
0.515648 0.250102 0.234250
0.561655 0.000010 0.438335
0.890607 0.000010 0.109383
0.000010 0.000010 0.999980
0.710298 0.289692 0.000010
0.145903 0.000010 0.854087
0.000010 0.971447 0.028543
0.000010 0.000010 0.999980
0.000010 0.930534 0.069456
0.194923 0.805067 0.000010
0.000010 0.589900 0.410090
0.999980 0.000010 0.000010
0.091409 0.000010 0.908581
0.366568 0.633422 0.000010
0.000010 0.528985 0.471005
0.360159 0.000010 0.639831
0.145130 0.000010 0.854860
0.000010 0.000010 0.999980
0.923348 0.000010 0.076642
0.428664 0.113325 0.458011
0.287734 0.442560 0.269706
0.284847 0.434557 0.280595
0.565118 0.000010 0.434872
0.328088 0.130449 0.541463
0.000010 0.000010 0.999980
