0.000010 0.050888 0.000010 0.153082 0.000010 0.431136 0.153488 0.211376
0.000010 0.000010 0.184693 0.000010 0.364652 0.450605 0.000010 0.000010
0.061740 0.000010 0.000010 0.094865 0.000010 0.377042 0.288507 0.177816
0.000010 0.113511 0.000010 0.000010 0.202735 0.072398 0.000010 0.611316
0.000010 0.000010 0.000010 0.205951 0.000010 0.317211 0.000010 0.476788
0.000010 0.000010 0.000010 0.000010 0.218743 0.327502 0.453705 0.000010
0.000010 0.000010 0.714883 0.000010 0.215507 0.069561 0.000010 0.000010
0.000010 0.000010 0.000010 0.166409 0.152688 0.000010 0.000010 0.680852
0.000010 0.280884 0.719056 0.000010 0.000010 0.000010 0.000010 0.000010
0.000010 0.000010 0.000010 0.000010 0.000010 0.309570 0.690370 0.000010
0.000010 0.000010 0.000010 0.000010 0.999930 0.000010 0.000010 0.000010
0.000010 0.000010 0.000010 0.000010 0.000010 0.141904 0.051231 0.806815
0.000010 0.000010 0.000010 0.000010 0.076750 0.098399 0.000010 0.824801
0.000010 0.000010 0.000010 0.000010 0.000010 0.411014 0.588925 0.000010
0.189599 0.000010 0.000010 0.000010 0.127614 0.000010 0.000010 0.682737
0.219917 0.112478 0.235868 0.000010 0.000010 0.000010 0.000010 0.431696
0.000010 0.000010 0.000010 0.000010 0.999930 0.000010 0.000010 0.000010
0.815830 0.000010 0.000010 0.000010 0.000010 0.184110 0.000010 0.000010
0.000010 0.000010 0.000010 0.000010 0.000010 0.327347 0.121946 0.550657
0.000010 0.000010 0.000010 0.370598 0.000010 0.000010 0.000010 0.629342
0.000010 0.242800 0.000010 0.031736 0.337272 0.000010 0.000010 0.388152
0.000010 0.497174 0.000010 0.000010 0.156817 0.000010 0.000010 0.345958
0.000010 0.551943 0.000010 0.000010 0.123724 0.000010 0.000010 0.324284
0.000010 0.000018 0.099819 0.000010 0.528519 0.252296 0.119318 0.000010
0.000010 0.000010 0.000010 0.000010 0.759887 0.240053 0.000010 0.000010
0.000010 0.000010 0.000010 0.000010 0.999930 0.000010 0.000010 0.000010
0.096116 0.404292 0.065630 0.202264 0.000010 0.000010 0.231668 0.000010
0.000010 0.171135 0.000010 0.425260 0.164175 0.239391 0.000010 0.000010
0.000010 0.000010 0.000010 0.000010 0.999930 0.000010 0.000010 0.000010
0.000010 0.000010 0.057948 0.000010 0.941992 0.000010 0.000010 0.000010
0.000010 0.095622 0.000010 0.140941 0.015037 0.124147 0.000010 0.624224
0.000010 0.000010 0.000010 0.000010 0.072561 0.503781 0.000010 0.423608
0.000010 0.000010 0.000010 0.000010 0.000010 0.999930 0.000010 0.000010
0.000010 0.000010 0.000010 0.000010 0.000010 0.999930 0.000010 0.000010
0.000010 0.000010 0.220913 0.000010 0.000010 0.400823 0.059568 0.318657
0.000010 0.000010 0.000010 0.398791 0.000010 0.000010 0.000010 0.601149
0.000010 0.000010 0.384894 0.000010 0.000010 0.000010 0.615046 0.000010
0.000010 0.000010 0.000010 0.638881 0.000010 0.000010 0.361059 0.000010
0.000010 0.000010 0.083713 0.000010 0.096227 0.000010 0.820011 0.000010
0.000010 0.000010 0.000010 0.000010 0.999930 0.000010 0.000010 0.000010
0.000010 0.000010 0.000010 0.000010 0.954888 0.045052 0.000010 0.000010
0.000010 0.000010 0.000010 0.000010 0.984422 0.015518 0.000010 0.000010
0.000010 0.000010 0.000010 0.000010 0.000010 0.999930 0.000010 0.000010
0.000010 0.000010 0.000010 0.000010 0.999930 0.000010 0.000010 0.000010
0.000010 0.000010 0.191341 0.000016 0.178759 0.000010 0.629844 0.000010
0.000010 0.000010 0.281496 0.718444 0.000010 0.000010 0.000010 0.000010
0.000010 0.000010 0.000010 0.720660 0.000010 0.279280 0.000010 0.000010
0.000010 0.051643 0.000010 0.132575 0.415924 0.000010 0.399819 0.000010
0.077648 0.215138 0.213771 0.000010 0.000010 0.140781 0.000010 0.352632
0.258740 0.613742 0.000010 0.000010 0.027769 0.018635 0.081085 0.000010
0.112893 0.000010 0.000010 0.000010 0.321089 0.000010 0.000010 0.565967
0.386325 0.000010 0.000010 0.185180 0.264487 0.097198 0.066780 0.000010
0.032510 0.171428 0.000010 0.796012 0.000010 0.000010 0.000010 0.000010
0.193753 0.102356 0.308634 0.096833 0.000010 0.196350 0.102055 0.000010
0.000010 0.000010 0.999925 0.000010 0.000010 0.000015 0.000010 0.000010
0.000018 0.000010 0.000010 0.000010 0.350040 0.133776 0.516126 0.000010
0.207960 0.029027 0.035525 0.296797 0.315605 0.045477 0.069599 0.000010
0.000010 0.000010 0.000010 0.000010 0.397765 0.000010 0.602175 0.000010
0.000010 0.000010 0.000010 0.709186 0.290754 0.000010 0.000010 0.000010
0.000010 0.000010 0.000010 0.724117 0.275823 0.000010 0.000010 0.000010
0.000010 0.042208 0.000010 0.041408 0.000010 0.142163 0.000010 0.774181
0.000010 0.000010 0.485151 0.000010 0.069429 0.000010 0.445369 0.000010
0.000010 0.000010 0.019090 0.000010 0.296469 0.000010 0.684391 0.000010
0.000010 0.000010 0.999929 0.000010 0.000010 0.000011 0.000010 0.000010
0.000010 0.000010 0.000010 0.000010 0.293132 0.000010 0.706808 0.000010
0.000010 0.338299 0.000010 0.000010 0.000010 0.000010 0.398143 0.263508
0.000010 0.000010 0.000010 0.244274 0.000010 0.399010 0.045091 0.311585
0.000010 0.000010 0.000010 0.679786 0.000010 0.320154 0.000010 0.000010
0.000010 0.000010 0.999930 0.000010 0.000010 0.000010 0.000010 0.000010
0.000010 0.000010 0.000010 0.000010 0.000010 0.999930 0.000010 0.000010
0.070906 0.163785 0.043053 0.000010 0.296516 0.000010 0.425709 0.000010
0.136973 0.000010 0.000010 0.000010 0.334201 0.000010 0.000010 0.528776
0.000010 0.000010 0.110021 0.000010 0.000010 0.379134 0.231335 0.279470
0.000010 0.000010 0.463330 0.000010 0.000010 0.186931 0.113217 0.236483
0.000010 0.000010 0.275208 0.000010 0.264977 0.033386 0.426390 0.000010
0.000010 0.000010 0.684045 0.000010 0.000010 0.138231 0.177674 0.000010
0.000010 0.000010 0.000010 0.000010 0.000010 0.999930 0.000010 0.000010
0.000010 0.381347 0.607137 0.011466 0.000010 0.000010 0.000010 0.000010
0.000010 0.000010 0.077359 0.000010 0.893677 0.000010 0.028915 0.000010
0.000010 0.000010 0.000010 0.000010 0.079597 0.000010 0.000010 0.920343
0.000010 0.000010 0.000010 0.000010 0.995905 0.004035 0.000010 0.000010
0.000010 0.200046 0.000010 0.480027 0.000010 0.000010 0.000010 0.319877
0.000010 0.163062 0.064699 0.421283 0.000010 0.000010 0.000010 0.350916
0.999930 0.000010 0.000010 0.000010 0.000010 0.000010 0.000010 0.000010
0.000010 0.000010 0.999930 0.000010 0.000010 0.000010 0.000010 0.000010
0.000010 0.000010 0.061429 0.000010 0.340228 0.503034 0.095269 0.000010
0.000010 0.999930 0.000010 0.000010 0.000010 0.000010 0.000010 0.000010
0.999930 0.000010 0.000010 0.000010 0.000010 0.000010 0.000010 0.000010
0.000010 0.000013 0.000010 0.000010 0.212268 0.238934 0.548745 0.000010
0.000010 0.000010 0.125121 0.000010 0.662313 0.212515 0.000010 0.000010
0.000010 0.000010 0.000010 0.000010 0.000010 0.999930 0.000010 0.000010
0.000010 0.000010 0.420470 0.000010 0.000010 0.000010 0.579470 0.000010
0.000010 0.153389 0.151061 0.000010 0.150629 0.112707 0.432185 0.000010
0.000010 0.747636 0.000010 0.000010 0.252304 0.000010 0.000010 0.000010
0.000010 0.716119 0.000010 0.000010 0.283821 0.000010 0.000010 0.000010
0.000010 0.000010 0.167981 0.000010 0.141937 0.087146 0.602896 0.000010
0.000010 0.000010 0.092465 0.213823 0.237261 0.220702 0.235719 0.000010
0.000010 0.000010 0.000010 0.000010 0.000010 0.999930 0.000010 0.000010
