0.012807 0.407795 0.000010 0.413014 0.000010 0.155121 0.011243
0.000010 0.000010 0.000010 0.795456 0.204494 0.000010 0.000010
0.000010 0.356625 0.000010 0.373794 0.000010 0.247556 0.021994
0.163903 0.730776 0.000010 0.105281 0.000010 0.000010 0.000010
0.000010 0.606862 0.000010 0.190355 0.000010 0.000010 0.202743
0.000010 0.000010 0.000010 0.475636 0.000010 0.524314 0.000010
0.000010 0.000010 0.000010 0.269508 0.730442 0.000010 0.000010
0.000010 0.363772 0.487353 0.072985 0.000010 0.000010 0.075861
0.287122 0.000010 0.000010 0.000010 0.712828 0.000010 0.000010
0.000010 0.000010 0.000010 0.302766 0.000010 0.697184 0.000010
0.000010 0.000010 0.000010 0.999940 0.000010 0.000010 0.000010
0.000010 0.999940 0.000010 0.000010 0.000010 0.000010 0.000010
0.000010 0.999940 0.000010 0.000010 0.000010 0.000010 0.000010
0.000010 0.000010 0.000010 0.437954 0.000010 0.561996 0.000010
0.162060 0.837890 0.000010 0.000010 0.000010 0.000010 0.000010
0.127715 0.000010 0.593631 0.000010 0.278615 0.000010 0.000010
0.000010 0.000010 0.000010 0.999940 0.000010 0.000010 0.000010
0.000010 0.037134 0.000010 0.310456 0.000010 0.000010 0.652370
0.000010 0.741986 0.000010 0.193857 0.000010 0.064117 0.000010
0.000010 0.338161 0.362227 0.000010 0.000012 0.000010 0.299570
0.210894 0.078803 0.402537 0.271418 0.000010 0.000010 0.036327
0.526261 0.000010 0.394687 0.079011 0.000011 0.000010 0.000010
0.565445 0.000010 0.390891 0.043617 0.000010 0.000016 0.000010
0.000010 0.000010 0.000010 0.793048 0.127122 0.079791 0.000010
0.000010 0.000010 0.000010 0.999940 0.000010 0.000010 0.000010
0.000010 0.000010 0.000010 0.999940 0.000010 0.000010 0.000010
0.474350 0.000010 0.000010 0.028749 0.103876 0.151602 0.241403
0.177530 0.000010 0.000010 0.389745 0.000010 0.073834 0.358862
0.000010 0.000010 0.000010 0.999940 0.000010 0.000010 0.000010
0.000010 0.000010 0.000010 0.750621 0.088000 0.161339 0.000010
0.084834 0.644217 0.161656 0.000738 0.000010 0.000010 0.108534
0.000010 0.000010 0.459220 0.540730 0.000010 0.000010 0.000010
0.000010 0.000010 0.000010 0.999940 0.000010 0.000010 0.000010
0.000010 0.000010 0.000010 0.999940 0.000010 0.000010 0.000010
0.000010 0.433963 0.000010 0.294869 0.271128 0.000010 0.000010
0.000010 0.286484 0.431350 0.000010 0.000010 0.000010 0.282126
0.000010 0.000010 0.000010 0.000010 0.345690 0.654260 0.000010
0.000010 0.000010 0.000010 0.000010 0.000010 0.513791 0.486159
0.000010 0.000010 0.000010 0.000010 0.000010 0.999940 0.000010
0.000010 0.000010 0.000010 0.999940 0.000010 0.000010 0.000010
0.000010 0.000010 0.000010 0.999940 0.000010 0.000010 0.000010
0.000010 0.000010 0.000010 0.999939 0.000010 0.000011 0.000010
0.000010 0.000010 0.000010 0.999934 0.000016 0.000010 0.000010
0.000010 0.000010 0.000010 0.999940 0.000010 0.000010 0.000010
0.000010 0.000010 0.000010 0.000010 0.178265 0.821685 0.000010
0.000010 0.000010 0.000010 0.000010 0.206852 0.253686 0.539422
0.000010 0.000010 0.000010 0.339309 0.000010 0.000010 0.660641
0.131131 0.000010 0.000010 0.285297 0.000010 0.518055 0.065488
0.171778 0.000010 0.482991 0.125279 0.219922 0.000010 0.000010
0.959842 0.000010 0.000010 0.040108 0.000010 0.000010 0.000010
0.000010 0.000010 0.717412 0.282538 0.000010 0.000010 0.000010
0.000141 0.000010 0.000010 0.453906 0.000010 0.071365 0.474559
0.000010 0.000010 0.000010 0.000010 0.068009 0.095339 0.836612
0.083662 0.000010 0.000010 0.216488 0.368748 0.051248 0.279834
0.000010 0.000010 0.000010 0.000010 0.999940 0.000010 0.000010
0.000010 0.000010 0.000010 0.373131 0.000010 0.626819 0.000010
0.000010 0.000010 0.000010 0.324328 0.021889 0.214276 0.439477
0.000011 0.000010 0.000010 0.220407 0.000010 0.779542 0.000010
0.000010 0.000013 0.000010 0.058972 0.000010 0.467524 0.473462
0.000010 0.000010 0.000010 0.077468 0.000010 0.432010 0.490482
0.000010 0.999940 0.000010 0.000010 0.000010 0.000010 0.000010
0.000010 0.000010 0.000010 0.000011 0.475600 0.524349 0.000010
0.000010 0.000010 0.000010 0.143034 0.000010 0.856916 0.000010
0.000010 0.000010 0.000010 0.000010 0.999940 0.000010 0.000010
0.000010 0.000010 0.000010 0.122591 0.000010 0.877359 0.000010
0.353593 0.202783 0.120836 0.000010 0.000010 0.322759 0.000010
0.000010 0.426582 0.000010 0.317839 0.000010 0.101398 0.154151
0.000010 0.000010 0.000010 0.381139 0.000010 0.000010 0.618811
0.000010 0.000010 0.000010 0.000010 0.999940 0.000010 0.000010
0.000010 0.000010 0.000010 0.999940 0.000010 0.000010 0.000010
0.198364 0.000010 0.000010 0.202492 0.043990 0.495261 0.059874
0.000010 0.000010 0.685715 0.314235 0.000010 0.000010 0.000010
0.000010 0.375569 0.000010 0.296990 0.160347 0.167064 0.000010
0.000010 0.171155 0.109278 0.162110 0.472865 0.084572 0.000010
0.000010 0.000010 0.000010 0.217887 0.254481 0.527591 0.000010
0.000010 0.000010 0.000010 0.024823 0.745302 0.229835 0.000010
0.000010 0.000010 0.000010 0.999934 0.000016 0.000010 0.000010
0.255022 0.000010 0.000010 0.000010 0.592475 0.000010 0.152463
0.000010 0.000010 0.000010 0.755147 0.091550 0.153264 0.000010
0.000010 0.000010 0.999940 0.000010 0.000010 0.000010 0.000010
0.000010 0.000010 0.000010 0.999937 0.000010 0.000013 0.000010
0.141884 0.000010 0.346668 0.000010 0.000010 0.000010 0.511408
0.141322 0.000010 0.442583 0.000010 0.036785 0.080145 0.299145
0.000010 0.000010 0.000010 0.210147 0.000010 0.000010 0.789803
0.000010 0.000010 0.000010 0.000010 0.999940 0.000010 0.000010
0.000010 0.000010 0.000010 0.911812 0.088138 0.000010 0.000010
0.999940 0.000010 0.000010 0.000010 0.000010 0.000010 0.000010
0.000010 0.000010 0.000010 0.267390 0.000010 0.000010 0.732560
0.000010 0.000010 0.000010 0.400176 0.000010 0.599774 0.000010
0.000010 0.000010 0.000010 0.848979 0.150971 0.000010 0.000010
0.000010 0.000010 0.000010 0.999940 0.000010 0.000010 0.000010
0.000010 0.000010 0.000010 0.000010 0.423734 0.576216 0.000010
0.192635 0.000010 0.000010 0.283276 0.167123 0.356936 0.000010
0.854794 0.000010 0.000010 0.145156 0.000010 0.000010 0.000010
0.822145 0.000010 0.000010 0.177805 0.000010 0.000010 0.000010
0.000010 0.000010 0.000010 0.240801 0.166869 0.592290 0.000010
0.034355 0.000010 0.000010 0.392176 0.105252 0.318653 0.149543
0.000010 0.000010 0.000010 0.999940 0.000010 0.000010 0.000010
