0.270050 0.145151 0.200164 0.000010 0.000010 0.384615
0.000010 0.000010 0.000010 0.210636 0.000010 0.789324
0.236112 0.096448 0.314358 0.000010 0.000010 0.353062
0.642986 0.000010 0.000010 0.000010 0.092384 0.264599
0.529394 0.203143 0.000010 0.000010 0.000010 0.267433
0.000010 0.000010 0.599430 0.000010 0.000010 0.400530
0.000010 0.000010 0.000010 0.735011 0.000010 0.264949
0.735090 0.204065 0.048988 0.000010 0.000010 0.011837
0.000010 0.000010 0.022182 0.768440 0.209348 0.000010
0.000010 0.000010 0.752282 0.000010 0.000010 0.247678
0.000010 0.000010 0.372024 0.000018 0.000010 0.627928
0.849445 0.000010 0.150515 0.000010 0.000010 0.000010
0.871469 0.000010 0.128491 0.000010 0.000010 0.000010
0.000010 0.000010 0.615003 0.000010 0.000010 0.384957
0.674083 0.000010 0.061061 0.000010 0.199445 0.065391
0.418910 0.000010 0.000012 0.287544 0.293514 0.000010
0.000010 0.000010 0.372516 0.000010 0.000010 0.627444
0.000010 0.000010 0.000010 0.000010 0.565684 0.434276
0.584601 0.000010 0.209545 0.000010 0.000010 0.205824
0.700544 0.299413 0.000010 0.000010 0.000013 0.000010
0.403421 0.011999 0.153283 0.000010 0.208993 0.222294
0.305284 0.000010 0.237678 0.000010 0.449883 0.007135
0.288944 0.000010 0.220699 0.000010 0.489514 0.000822
0.000010 0.000010 0.271510 0.133122 0.000010 0.595338
0.000010 0.000010 0.216204 0.000010 0.000010 0.783756
0.000010 0.000010 0.377252 0.000010 0.000010 0.622708
0.000010 0.180756 0.194628 0.107866 0.417205 0.099536
0.000010 0.399562 0.091230 0.000010 0.167512 0.341676
0.000010 0.000010 0.384781 0.000010 0.000010 0.615179
0.000011 0.000010 0.444221 0.086391 0.000010 0.469357
0.702310 0.106570 0.148858 0.000010 0.042242 0.000010
0.439426 0.000012 0.000013 0.000010 0.000010 0.560529
0.000010 0.000010 0.000010 0.000010 0.000010 0.999950
0.000010 0.000010 0.000010 0.000010 0.000010 0.999950
0.359053 0.000010 0.000010 0.266813 0.000010 0.374105
0.670597 0.329363 0.000010 0.000010 0.000010 0.000010
0.000012 0.000017 0.492131 0.507819 0.000011 0.000010
0.000010 0.764398 0.235562 0.000010 0.000010 0.000010
0.000010 0.000010 0.717850 0.282110 0.000010 0.000010
0.000010 0.000010 0.000010 0.000012 0.000010 0.999948
0.000010 0.000010 0.000010 0.000010 0.000010 0.999950
0.000010 0.000010 0.000010 0.000010 0.000010 0.999950
0.000010 0.000010 0.000010 0.000010 0.000010 0.999950
0.000010 0.000010 0.000010 0.000010 0.000010 0.999950
0.000010 0.000010 0.681116 0.318844 0.000010 0.000010
0.000010 0.775024 0.000010 0.224936 0.000010 0.000010
0.000010 0.831272 0.000010 0.000010 0.000010 0.168688
0.000010 0.168547 0.831413 0.000010 0.000010 0.000010
0.321027 0.000010 0.000010 0.190369 0.288993 0.199591
0.000010 0.000010 0.415062 0.000010 0.583395 0.001513
0.538514 0.000010 0.000010 0.000010 0.181347 0.280109
0.000010 0.198259 0.093225 0.000010 0.297276 0.411220
0.000010 0.787599 0.000010 0.000010 0.212361 0.000010
0.000010 0.131273 0.038402 0.363603 0.199072 0.267639
0.000010 0.000010 0.000010 0.999950 0.000010 0.000010
0.000010 0.000010 0.726924 0.000010 0.000010 0.273036
0.000010 0.342952 0.054508 0.058250 0.178986 0.365294
0.000010 0.000010 0.999950 0.000010 0.000010 0.000010
0.000010 0.794812 0.205148 0.000010 0.000010 0.000010
0.000010 0.820987 0.176747 0.000010 0.000010 0.002236
0.850667 0.020822 0.095741 0.000010 0.010789 0.021971
0.000010 0.000010 0.455361 0.544599 0.000010 0.000010
0.000010 0.000010 0.741914 0.191240 0.000010 0.066817
0.000010 0.000010 0.000010 0.999950 0.000010 0.000010
0.000010 0.000010 0.832270 0.105933 0.000010 0.061766
0.312359 0.000010 0.519126 0.000010 0.168485 0.000010
0.331457 0.287420 0.000010 0.000010 0.000010 0.381094
0.000010 0.747592 0.000010 0.000010 0.000010 0.252368
0.000010 0.000010 0.000010 0.999950 0.000010 0.000010
0.000010 0.000010 0.000010 0.000010 0.000010 0.999950
0.000010 0.000010 0.700546 0.095128 0.162488 0.041818
0.491634 0.000010 0.000010 0.000010 0.211422 0.296913
0.310985 0.016656 0.083295 0.201674 0.000010 0.387380
0.258973 0.000010 0.000010 0.518160 0.000010 0.222837
0.000010 0.000010 0.458977 0.373987 0.000010 0.167006
0.000010 0.000010 0.186333 0.745017 0.000010 0.068621
0.000010 0.000010 0.000010 0.000010 0.000010 0.999950
0.000010 0.000010 0.000010 0.665807 0.334153 0.000010
0.000010 0.000010 0.389817 0.091165 0.000010 0.518988
0.999950 0.000010 0.000010 0.000010 0.000010 0.000010
0.000010 0.000010 0.000010 0.000010 0.000010 0.999950
0.304815 0.451683 0.000010 0.000010 0.243472 0.000010
0.367305 0.448243 0.000010 0.047739 0.136693 0.000010
0.000010 0.000010 0.000010 0.000010 0.679368 0.320592
0.000010 0.000010 0.000010 0.999950 0.000010 0.000010
0.000010 0.000010 0.098797 0.096009 0.000010 0.805164
0.000010 0.000010 0.451954 0.000010 0.548006 0.000010
0.000010 0.000010 0.000010 0.000010 0.613585 0.386375
0.000010 0.000010 0.656930 0.000010 0.000010 0.343030
0.000010 0.000010 0.119539 0.159666 0.000010 0.720765
0.000010 0.000010 0.000010 0.000010 0.000010 0.999950
0.000010 0.000010 0.495814 0.504146 0.000010 0.000010
0.000010 0.000010 0.366499 0.233726 0.138953 0.260801
0.000010 0.000010 0.583510 0.000010 0.416450 0.000010
0.000010 0.000010 0.594166 0.000010 0.405794 0.000010
0.000010 0.000010 0.468208 0.273560 0.000010 0.258203
0.000010 0.216400 0.449899 0.121242 0.000010 0.212439
0.000010 0.000010 0.000010 0.000010 0.000010 0.999950
