0.000010 0.139306 0.586359 0.274325
0.199824 0.000010 0.800156 0.000010
0.068289 0.102258 0.585657 0.243796
0.000010 0.000010 0.256147 0.743833
0.000010 0.135552 0.308430 0.556008
0.316806 0.000010 0.683174 0.000010
0.743399 0.000010 0.256581 0.000010
0.000010 0.079825 0.128977 0.791188
0.795448 0.204532 0.000010 0.000010
0.349891 0.000010 0.650089 0.000010
0.000010 0.000010 0.999970 0.000010
0.000010 0.000010 0.101400 0.898580
0.000010 0.000010 0.088732 0.911248
0.311680 0.000010 0.688300 0.000010
0.000010 0.083726 0.127713 0.788551
0.326342 0.147494 0.000010 0.526153
0.000010 0.000010 0.999970 0.000010
0.061229 0.617800 0.320960 0.000010
0.000010 0.000010 0.382455 0.617525
0.000010 0.319033 0.000010 0.680947
0.000010 0.214587 0.330722 0.454681
0.000010 0.332721 0.215329 0.451940
0.000010 0.371281 0.192455 0.436254
0.167385 0.000010 0.832595 0.000010
0.000010 0.000010 0.999970 0.000010
0.000010 0.000010 0.999970 0.000010
0.208133 0.636298 0.155559 0.000010
0.000010 0.492216 0.507764 0.000010
0.000010 0.000010 0.999970 0.000010
0.130059 0.000010 0.869921 0.000010
0.000010 0.181926 0.127636 0.690427
0.000015 0.000010 0.546371 0.453604
0.000010 0.000010 0.999970 0.000010
0.000010 0.000010 0.999970 0.000010
0.347015 0.000010 0.305712 0.347263
0.000010 0.254524 0.000010 0.745456
0.928865 0.000010 0.071115 0.000010
0.330245 0.541701 0.128044 0.000010
0.658958 0.000010 0.341022 0.000010
0.000010 0.000010 0.999970 0.000010
0.000010 0.000010 0.999970 0.000010
0.000010 0.000010 0.999970 0.000010
0.000010 0.000010 0.999970 0.000010
0.000010 0.000010 0.999970 0.000010
0.589923 0.000010 0.410057 0.000010
0.448827 0.511000 0.040163 0.000010
0.000010 0.581895 0.418085 0.000010
0.096945 0.233354 0.669691 0.000010
0.233856 0.128965 0.176358 0.460821
0.000010 0.517217 0.353320 0.129453
0.000010 0.094433 0.269847 0.635710
0.000010 0.467948 0.532032 0.000010
0.187569 0.812411 0.000010 0.000010
0.456995 0.295417 0.247578 0.000010
0.999970 0.000010 0.000010 0.000010
0.311089 0.000010 0.688891 0.000010
0.159085 0.421570 0.419335 0.000010
0.283483 0.000010 0.716497 0.000010
0.206520 0.477843 0.315627 0.000010
0.201417 0.485648 0.312925 0.000010
0.000010 0.047612 0.084301 0.868077
0.815720 0.000010 0.184260 0.000010
0.501326 0.000010 0.498654 0.000010
0.999963 0.000010 0.000017 0.000010
0.426062 0.000010 0.573918 0.000010
0.098463 0.351856 0.240484 0.309197
0.083909 0.098479 0.413543 0.404068
0.000010 0.565645 0.434335 0.000010
0.999970 0.000010 0.000010 0.000010
0.000010 0.000010 0.999970 0.000010
0.257736 0.238718 0.503536 0.000010
0.000010 0.115560 0.288994 0.595436
0.306338 0.000010 0.374512 0.319139
0.534608 0.000010 0.216157 0.249225
0.525478 0.000017 0.474495 0.000010
0.908860 0.000010 0.091120 0.000010
0.000010 0.000010 0.999970 0.000010
0.646520 0.353460 0.000010 0.000010
0.135444 0.000010 0.864536 0.000010
0.000010 0.000010 0.000010 0.999970
0.000010 0.000010 0.999970 0.000010
0.000010 0.723161 0.000010 0.276819
0.109607 0.525792 0.000010 0.364591
0.000010 0.739550 0.260430 0.000010
0.999970 0.000010 0.000010 0.000010
0.099935 0.000010 0.900045 0.000010
0.028160 0.839313 0.132516 0.000010
0.000010 0.676197 0.323783 0.000010
0.320801 0.000010 0.679179 0.000010
0.148633 0.000010 0.851347 0.000010
0.000010 0.000010 0.999970 0.000010
0.900802 0.000010 0.099178 0.000010
0.433599 0.000010 0.462656 0.103734
0.000010 0.613599 0.386381 0.000010
0.000010 0.600113 0.399867 0.000010
0.555789 0.000010 0.444191 0.000010
0.227853 0.195364 0.576772 0.000010
0.000010 0.000010 0.999970 0.000010
