0.539199 0.000010 0.146887 0.107759 0.206146
0.803399 0.196571 0.000010 0.000010 0.000010
0.582916 0.043002 0.215374 0.000010 0.158697
0.191907 0.000010 0.000010 0.153569 0.654504
0.258784 0.000010 0.278223 0.000010 0.462973
0.704740 0.295230 0.000010 0.000010 0.000010
0.267326 0.732643 0.000010 0.000011 0.000010
0.107947 0.000010 0.164384 0.000010 0.727648
0.000010 0.736119 0.000010 0.263851 0.000010
0.665666 0.281969 0.000010 0.052345 0.000010
0.999960 0.000010 0.000010 0.000010 0.000010
0.091855 0.000010 0.000010 0.064270 0.843854
0.102166 0.000010 0.000010 0.022625 0.875189
0.707255 0.285973 0.000010 0.006752 0.000010
0.042151 0.000010 0.000010 0.254418 0.703411
0.000010 0.311588 0.111589 0.064696 0.512117
0.999960 0.000010 0.000010 0.000010 0.000010
0.315470 0.000010 0.684500 0.000010 0.000010
0.354583 0.000010 0.000010 0.078045 0.567352
0.000010 0.000010 0.369586 0.000010 0.630384
0.283904 0.000010 0.080562 0.205288 0.430236
0.078776 0.000010 0.000010 0.513517 0.407687
0.046249 0.000010 0.000010 0.564688 0.389043
0.836042 0.163928 0.000010 0.000010 0.000010
0.999960 0.000010 0.000010 0.000010 0.000010
0.999960 0.000010 0.000010 0.000010 0.000010
0.044294 0.184199 0.223713 0.547785 0.000010
0.443871 0.000010 0.369052 0.187057 0.000010
0.999960 0.000010 0.000010 0.000010 0.000010
0.876326 0.123644 0.000010 0.000010 0.000010
0.096960 0.000010 0.175416 0.079218 0.648396
0.550523 0.000010 0.000010 0.000010 0.449447
0.999960 0.000010 0.000010 0.000010 0.000010
0.999960 0.000010 0.000010 0.000010 0.000010
0.314387 0.338549 0.000010 0.000010 0.347044
0.000010 0.000010 0.358770 0.000010 0.641200
0.107100 0.892870 0.000010 0.000010 0.000010
0.119358 0.301053 0.579568 0.000010 0.000010
0.366952 0.633018 0.000010 0.000010 0.000010
0.999960 0.000010 0.000010 0.000010 0.000010
0.999960 0.000010 0.000010 0.000010 0.000010
0.999960 0.000010 0.000010 0.000010 0.000010
0.999960 0.000010 0.000010 0.000010 0.000010
0.999960 0.000010 0.000010 0.000010 0.000010
0.426832 0.573138 0.000010 0.000010 0.000010
0.000010 0.442982 0.556988 0.000010 0.000010
0.350094 0.000010 0.649876 0.000010 0.000010
0.635676 0.000010 0.000010 0.364294 0.000010
0.123854 0.225935 0.000010 0.230173 0.420029
0.041973 0.000010 0.000010 0.957997 0.000010
0.262802 0.000010 0.125456 0.000010 0.611722
0.531624 0.000010 0.465617 0.002739 0.000010
0.000010 0.173422 0.826548 0.000010 0.000010
0.222746 0.447820 0.280456 0.048967 0.000010
0.000010 0.999960 0.000010 0.000010 0.000010
0.703588 0.237393 0.000010 0.058999 0.000010
0.406099 0.149350 0.444531 0.000010 0.000010
0.774420 0.066140 0.000010 0.159420 0.000010
0.297924 0.182734 0.519322 0.000010 0.000010
0.288077 0.180069 0.531835 0.000010 0.000010
0.059769 0.000010 0.094554 0.047634 0.798033
0.205011 0.794959 0.000010 0.000010 0.000010
0.521371 0.478598 0.000010 0.000011 0.000010
0.000010 0.999960 0.000010 0.000010 0.000010
0.596763 0.403207 0.000010 0.000010 0.000010
0.159060 0.000010 0.000010 0.574153 0.266767
0.392771 0.068008 0.186541 0.000010 0.352671
0.385004 0.000010 0.614966 0.000010 0.000010
0.000020 0.999950 0.000010 0.000010 0.000010
0.999960 0.000010 0.000010 0.000010 0.000010
0.444578 0.201182 0.000010 0.354220 0.000010
0.288516 0.000010 0.124743 0.002411 0.584319
0.385348 0.298016 0.000010 0.000010 0.316616
0.221358 0.529306 0.000010 0.000010 0.249315
0.488650 0.511320 0.000010 0.000010 0.000010
0.104006 0.895964 0.000010 0.000010 0.000010
0.999960 0.000010 0.000010 0.000010 0.000010
0.000010 0.595771 0.189530 0.214679 0.000010
0.870721 0.129249 0.000010 0.000010 0.000010
0.000010 0.000010 0.000010 0.000010 0.999960
0.999960 0.000010 0.000010 0.000010 0.000010
0.000010 0.000010 0.594966 0.121306 0.283708
0.000010 0.092105 0.384749 0.160033 0.363102
0.221546 0.000010 0.778424 0.000010 0.000010
0.000010 0.999960 0.000010 0.000010 0.000010
0.903400 0.096570 0.000010 0.000010 0.000010
0.000010 0.000010 0.000010 0.999960 0.000010
0.283181 0.000010 0.716789 0.000010 0.000010
0.697413 0.239150 0.000011 0.063416 0.000010
0.853522 0.146448 0.000010 0.000010 0.000010
0.999960 0.000010 0.000010 0.000010 0.000010
0.127381 0.872589 0.000010 0.000010 0.000010
0.399626 0.360045 0.000010 0.240309 0.000010
0.133311 0.000010 0.000010 0.866659 0.000010
0.164704 0.000010 0.000010 0.835266 0.000010
0.470368 0.529602 0.000010 0.000010 0.000010
0.553690 0.210414 0.123305 0.112581 0.000010
0.999960 0.000010 0.000010 0.000010 0.000010
